x [pixel];y [pixel];x-displacement [pixel];y-displacement [pixel];Displacement [pixel];Transverse strain Exx - GL [S];Axial strain Eyy - GL [S];Shear strain Exy - GL [S]
655;655;1.04692;-20.8414;20.8677;-0.016612;0.0212984;-0.000295116
678;655;0.657871;-21.2532;21.2634;-0.00993114;0.0267227;0.00724259
701;655;0.585277;-21.3208;21.3288;-0.00208698;0.0227933;0.0114775
724;655;0.561764;-21.2299;21.2374;-0.000537981;0.0146756;0.0113699
747;655;0.560453;-21.2402;21.2476;0.000326685;0.016529;0.00938101
770;655;0.576734;-21.1586;21.1664;-0.00158812;0.013524;0.00717241
793;655;0.487339;-21.2253;21.2309;-0.00186285;0.015347;0.00536276
816;655;0.490546;-21.3541;21.3598;0.000184019;0.0204848;0.00592807
839;655;0.49562;-21.355;21.3608;-0.000242196;0.0214238;0.00609332
862;655;0.479387;-21.3148;21.3202;0.000730111;0.0192323;0.00686524
885;655;0.529104;-21.2649;21.2715;-0.00066676;0.0151503;0.00513192
908;655;0.448665;-21.2537;21.2585;-0.00146155;0.0133963;0.0040528
931;655;0.46174;-21.3528;21.3578;0.00128845;0.0179373;0.00301
954;655;0.507854;-21.3156;21.3217;-0.00103832;0.0150174;0.00324822
977;655;0.413918;-21.2965;21.3005;-0.00116399;0.0139605;0.0028654
1000;655;0.454279;-21.3122;21.3171;0.00089258;0.0152993;0.00274123
1023;655;0.454957;-21.3081;21.313;-0.000821078;0.0145851;0.00193523
1046;655;0.416492;-21.3003;21.3043;-0.00209393;0.0135902;0.00306424
1069;655;0.358433;-21.2115;21.2145;0.00137538;0.010733;0.00240806
1092;655;0.479712;-21.3206;21.326;0.0017372;0.0150739;-0.000345708
1115;655;0.438253;-21.256;21.2605;-0.000584564;0.0111555;0.00151894
1138;655;0.452754;-21.2461;21.2509;-0.000655305;0.00973868;0.000848248
1161;655;0.408069;-21.203;21.2069;-0.00205661;0.00892445;0.000363918
1184;655;0.358048;-21.2279;21.2309;-0.000329836;0.0100929;-0.000493991
1207;655;0.392758;-21.315;21.3186;0.000136704;0.0118454;3.81293e-05
1230;655;0.364332;-21.2078;21.2109;0.00227699;0.00887439;0.000905078
1253;655;0.497367;-21.2793;21.2851;0.00238758;0.0101157;-0.00456323
1276;655;0.473697;-21.3831;21.3884;-0.000521791;0.012293;-0.00447526
1299;655;0.473145;-21.4192;21.4244;-0.00167639;0.0147129;-0.00241716
1322;655;0.396453;-21.3058;21.3095;-0.000620574;0.00989783;-0.00143539
1345;655;0.444564;-21.3709;21.3755;0.00115039;0.0096916;-0.00378761
1368;655;0.449331;-21.3344;21.3392;-0.000318616;0.00824308;-0.00421811
1391;655;0.429878;-21.3209;21.3252;0.000462442;0.00812515;-0.0034939
1414;655;0.470597;-21.3213;21.3265;-0.00104164;0.00621903;-0.00605391
1437;655;0.381921;-21.3607;21.3641;-0.00524084;0.00809528;-0.00183279
1460;655;0.228685;-21.1865;21.1877;0.000573079;0.00129122;-0.000579743
1483;655;0.408272;-21.3458;21.3497;0.00489945;0.00709469;-0.00799342
1506;655;0.452487;-21.494;21.4987;0.000579965;0.01329;-0.00835274
1529;655;0.434716;-21.4905;21.4949;0.000858003;0.0124396;-0.00507816
1552;655;0.491464;-21.2851;21.2908;0.00091732;0.00521891;-0.00551633
1575;655;0.47606;-21.2135;21.2189;-0.00143735;0.00822616;-0.0105
1598;655;0.425298;-21.2741;21.2783;-0.00498686;0.0121905;-0.00880255
1621;655;0.245586;-20.9989;21.0003;-0.00771145;0.0227167;-0.00815031
655;678;1.46077;-20.3603;20.4126;-0.00934805;0.0259401;0.00256896
678;678;1.24286;-20.6538;20.6912;-0.00771226;0.0245002;0.00757597
701;678;1.10243;-20.8081;20.8373;-0.00429592;0.0215523;0.00804845
724;678;1.04416;-20.8998;20.9259;-0.00318639;0.0169422;0.00893414
747;678;0.955583;-20.8665;20.8883;-0.00313612;0.0177654;0.00877986
770;678;0.899644;-20.8518;20.8712;-0.00264067;0.0142856;0.00681585
793;678;0.83395;-20.8776;20.8942;-0.00152688;0.0150619;0.00663147
816;678;0.829338;-20.8902;20.9066;-0.00169498;0.0186452;0.00671963
839;678;0.755914;-20.8689;20.8826;-0.00174356;0.0184634;0.0061955
862;678;0.749063;-20.8782;20.8917;-0.000469443;0.0162556;0.00510793
885;678;0.734286;-20.9199;20.9328;-0.00149969;0.0152516;0.00363669
908;678;0.679971;-20.9488;20.9598;-0.00223235;0.0148522;0.00434445
931;678;0.631477;-20.9445;20.954;-0.00111109;0.0164499;0.00294522
954;678;0.628826;-20.9731;20.9825;-0.00189612;0.01497;0.00263951
977;678;0.54416;-20.978;20.985;-0.000927054;0.0151499;0.00306965
1000;678;0.586161;-20.9634;20.9716;-0.000134427;0.0151575;0.00231815
1023;678;0.537976;-20.9752;20.9821;-0.00168329;0.0151939;0.00136379
1046;678;0.508657;-20.99;20.9961;-0.00127446;0.0151076;0.00180415
1069;678;0.479312;-20.9662;20.9717;-0.000483762;0.0122971;0.00177513
1092;678;0.486396;-20.9765;20.9821;-0.000191587;0.014305;7.02229e-05
1115;678;0.470486;-21.0009;21.0061;-0.000464124;0.0128585;-0.000186332
1138;678;0.465018;-21.0232;21.0283;-0.00119129;0.0129775;-0.000373772
1161;678;0.415654;-20.9986;21.0027;-0.00158838;0.010585;3.22856e-05
1184;678;0.391887;-20.997;21.0006;-0.000680602;0.0127553;-0.000868379
1207;678;0.384313;-21.0441;21.0476;-8.59909e-05;0.0144203;-0.000910498
1230;678;0.38793;-21.0046;21.0081;-0.000174084;0.0112751;-0.000983058
1253;678;0.376304;-21.0481;21.0515;-0.00107021;0.0125447;-0.0041651
1276;678;0.33857;-21.1025;21.1052;-0.0011694;0.0146779;-0.00368587
1299;678;0.322466;-21.0838;21.0862;-0.000707976;0.0148446;-0.00307838
1322;678;0.305986;-21.0794;21.0816;-0.000813229;0.012413;-0.00382958
1345;678;0.284995;-21.1496;21.1516;-0.00164961;0.0136469;-0.00489166
1368;678;0.229992;-21.1467;21.1479;-0.000486042;0.0115032;-0.00414693
1391;678;0.26263;-21.1353;21.137;-0.000393238;0.0119575;-0.00450504
1414;678;0.211887;-21.1802;21.1812;-0.000734206;0.011374;-0.00563799
1437;678;0.228826;-21.1758;21.177;-0.000376286;0.0115408;-0.00461775
1460;678;0.194569;-21.1568;21.1577;-0.00070363;0.0080326;-0.00459422
1483;678;0.196447;-21.1841;21.1851;-0.00114764;0.0107064;-0.00698838
1506;678;0.141733;-21.1924;21.1929;-0.00218809;0.0151084;-0.0079706
1529;678;0.0956781;-21.2086;21.2088;-0.00093081;0.0149249;-0.00852639
1552;678;0.0988899;-21.1687;21.1689;-0.00235662;0.0113274;-0.008064
1575;678;-0.0132007;-21.0302;21.0303;-0.00410824;0.0122366;-0.0091645
1598;678;-0.0907857;-21.0011;21.0013;-0.00864358;0.0198301;-0.0070194
1621;678;-0.415721;-20.4915;20.4957;-0.0137824;0.0249535;-0.00311465
655;701;1.8933;-19.6708;19.7617;-0.00285553;0.0261185;-0.00231149
678;701;1.82244;-20.1541;20.2363;-0.00665231;0.023344;0.00322079
701;701;1.58122;-20.3504;20.4118;-0.00813003;0.0231994;0.00728345
724;701;1.44587;-20.4654;20.5164;-0.00562304;0.0228214;0.00795561
747;701;1.32175;-20.4363;20.479;-0.0049675;0.0206909;0.00723545
770;701;1.21677;-20.5104;20.5465;-0.00399789;0.0202256;0.00619324
793;701;1.13735;-20.5421;20.5736;-0.00251488;0.0195952;0.00763726
816;701;1.10094;-20.5083;20.5378;-0.00180099;0.0198756;0.00605971
839;701;1.05443;-20.5167;20.5438;-0.00216009;0.0181095;0.00530973
862;701;1.00142;-20.576;20.6003;-0.00257236;0.0180394;0.0049262
885;701;0.935915;-20.5704;20.5916;-0.0027612;0.0193729;0.00379293
908;701;0.874225;-20.5775;20.596;-0.00386614;0.0196521;0.00327189
931;701;0.757715;-20.6032;20.6171;-0.00193279;0.0176927;0.00290222
954;701;0.785198;-20.6329;20.6478;-0.00154229;0.0186242;0.00300216
977;701;0.686715;-20.6056;20.617;-0.00261424;0.0186905;0.00307237
1000;701;0.664783;-20.6207;20.6314;-0.00171666;0.0191236;0.00191497
1023;701;0.60768;-20.6147;20.6236;-0.00198155;0.0184646;0.00166658
1046;701;0.573541;-20.6107;20.6187;-0.00216088;0.01876;0.000923804
1069;701;0.508158;-20.6495;20.6557;-0.00113431;0.0173417;9.53747e-05
1092;701;0.521298;-20.6672;20.6738;-0.000862765;0.0178557;5.01682e-05
1115;701;0.46845;-20.6683;20.6736;-0.00228498;0.0181323;-0.000211052
1138;701;0.416066;-20.653;20.6572;-0.00182279;0.0180738;-0.00138173
1161;701;0.384498;-20.7186;20.7222;-0.00199522;0.0180056;-0.000621684
1184;701;0.324194;-20.6449;20.6474;-0.00147222;0.0180563;-0.000485685
1207;701;0.316683;-20.6564;20.6588;-0.00100449;0.0178777;-0.00217102
1230;701;0.27794;-20.6921;20.6939;-0.00225049;0.0169497;-0.00257023
1253;701;0.213017;-20.7067;20.7078;-0.0023352;0.0179966;-0.00334327
1276;701;0.17039;-20.7138;20.7145;-0.00101467;0.0174949;-0.00337623
1299;701;0.166304;-20.7424;20.743;-0.00129904;0.0169265;-0.00365424
1322;701;0.110588;-20.7391;20.7394;-0.00226343;0.0168994;-0.00420766
1345;701;0.0620681;-20.749;20.7491;-0.00124645;0.0178846;-0.00543052
1368;701;0.0531606;-20.81;20.8101;-0.000279888;0.0185396;-0.00470605
1391;701;0.0491837;-20.7756;20.7757;-0.00131947;0.0171722;-0.0056082
1414;701;-0.00757571;-20.8035;20.8035;-0.00251586;0.0176637;-0.00648472
1437;701;-0.0667303;-20.835;20.8351;-0.00386731;0.0167869;-0.00659788
1460;701;-0.18582;-20.8203;20.8211;-0.00287981;0.017192;-0.00759838
1483;701;-0.199399;-20.8599;20.8608;-0.00155834;0.0176365;-0.00813449
1506;701;-0.257561;-20.8096;20.8112;-0.00379902;0.0184203;-0.00831667
1529;701;-0.374509;-20.816;20.8193;-0.00380457;0.0188119;-0.00913347
1552;701;-0.432918;-20.7761;20.7806;-0.00360463;0.0197477;-0.00881258
1575;701;-0.54087;-20.6651;20.6722;-0.00748432;0.0200127;-0.00772996
1598;701;-0.78016;-20.3862;20.4012;-0.0120197;0.025864;-0.00491737
1621;701;-1.10385;-19.8843;19.9149;-0.0137364;0.0239113;-0.00174217
655;724;2.24176;-19.1806;19.3111;0.000137979;0.0143561;0.000957299
678;724;2.24106;-19.6028;19.7305;-0.003016;0.0257134;0.00242751
701;724;2.09911;-19.7636;19.8747;-0.00804871;0.026545;0.00743248
724;724;1.86854;-19.869;19.9566;-0.00926296;0.0263117;0.00737668
747;724;1.67072;-19.9298;19.9997;-0.00625001;0.0237371;0.00770116
770;724;1.58009;-19.9356;19.9981;-0.00291999;0.0224751;0.00659084
793;724;1.53616;-19.9901;20.0491;-0.00473137;0.0234466;0.00655901
816;724;1.3619;-19.9878;20.0342;-0.0048059;0.0222078;0.00525281
839;724;1.31452;-20.0466;20.0897;-0.00225172;0.0205945;0.00474929
862;724;1.25815;-20.0585;20.098;-0.00496202;0.020955;0.00556757
885;724;1.0857;-20.0386;20.068;-0.00525603;0.0215965;0.00442604
908;724;1.01573;-20.0547;20.0804;-0.00282371;0.0199967;0.00228847
931;724;0.955518;-20.1388;20.1615;-0.00233954;0.0192056;0.00307541
954;724;0.907933;-20.125;20.1455;-0.00304866;0.0214105;0.0031096
977;724;0.815063;-20.1269;20.1434;-0.00295231;0.0212215;0.00336682
1000;724;0.771914;-20.0923;20.1071;-0.00289959;0.021116;0.00209798
1023;724;0.681488;-20.1338;20.1453;-0.00309415;0.0216381;0.00137801
1046;724;0.629342;-20.1351;20.1449;-0.0029491;0.0198473;0.000991457
1069;724;0.54561;-20.1754;20.1827;-0.00258739;0.0202567;0.00101045
1092;724;0.51016;-20.1623;20.1688;-0.00236942;0.0208467;0.000179535
1115;724;0.436487;-20.1742;20.1789;-0.00262964;0.0212492;-0.000465121
1138;724;0.389022;-20.1992;20.203;-0.00187634;0.0198815;-0.000400139
1161;724;0.350094;-20.1777;20.1808;-0.00228676;0.0209483;-0.000175619
1184;724;0.283704;-20.1739;20.1759;-0.0025535;0.0192586;-0.00138284
1207;724;0.232454;-20.2292;20.2305;-0.00176967;0.0188456;-0.00235
1230;724;0.20219;-20.2317;20.2327;-0.00308851;0.0201878;-0.00177065
1253;724;0.0901622;-20.2285;20.2287;-0.00299905;0.0185136;-0.00341062
1276;724;0.0639673;-20.3054;20.3055;-0.00170371;0.0193242;-0.00386504
1299;724;0.0116476;-20.3126;20.3127;-0.00302246;0.0194134;-0.00353617
1322;724;-0.0752767;-20.31;20.3102;-0.00335715;0.0191778;-0.00419087
1345;724;-0.143047;-20.3361;20.3366;-0.00218573;0.0177532;-0.00411011
1368;724;-0.175931;-20.3034;20.3041;-0.00255182;0.019622;-0.00461432
1391;724;-0.260585;-20.355;20.3567;-0.00324786;0.018863;-0.0066141
1414;724;-0.325636;-20.3778;20.3804;-0.00223275;0.0185569;-0.00697587
1437;724;-0.363444;-20.4137;20.4169;-0.00337513;0.0193098;-0.00664545
1460;724;-0.481155;-20.3775;20.3832;-0.0043506;0.0198693;-0.00682586
1483;724;-0.564017;-20.3861;20.3939;-0.00412215;0.0206454;-0.00774508
1506;724;-0.67117;-20.3598;20.3708;-0.00472741;0.0196929;-0.00739558
1529;724;-0.782002;-20.3594;20.3745;-0.0042926;0.0215657;-0.00775505
1552;724;-0.869126;-20.2791;20.2977;-0.00753068;0.0225319;-0.00714015
1575;724;-1.13029;-20.132;20.1637;-0.0105514;0.0233488;-0.00656416
1598;724;-1.35916;-19.8434;19.8899;-0.0104722;0.0241529;-0.00357667
1621;724;-1.62014;-19.4199;19.4873;-0.0111127;0.0234489;0.000366159
655;747;2.83776;-19.0247;19.2352;-0.00830056;0.022333;0.00860136
678;747;2.64602;-18.9933;19.1767;-0.00632118;0.0250161;0.00661405
701;747;2.54587;-19.155;19.3234;-0.00741016;0.0262963;0.00489389
724;747;2.30299;-19.2784;19.4155;-0.00956389;0.0248681;0.00532466
747;747;2.10333;-19.3636;19.4775;-0.00899649;0.0247129;0.00506267
770;747;1.88677;-19.4927;19.5838;-0.00662637;0.0238338;0.00562537
793;747;1.79735;-19.4806;19.5633;-0.00525234;0.0217967;0.00536499
816;747;1.64453;-19.501;19.5702;-0.00504316;0.0186348;0.00384453
839;747;1.56467;-19.5817;19.6441;-0.00296106;0.0212961;0.00284339
862;747;1.50795;-19.6247;19.6825;-0.00484334;0.020352;0.00402307
885;747;1.34133;-19.5892;19.635;-0.00693304;0.0221131;0.00454249
908;747;1.1879;-19.6677;19.7035;-0.00494357;0.0211732;0.00195022
931;747;1.11315;-19.7294;19.7608;-0.00277804;0.0191294;0.00334966
954;747;1.05993;-19.6591;19.6877;-0.00323822;0.0197965;0.00353167
977;747;0.963861;-19.6404;19.664;-0.00421965;0.0215333;0.00246764
1000;747;0.865412;-19.6598;19.6788;-0.00401702;0.0193059;0.00218619
1023;747;0.778704;-19.6302;19.6456;-0.00342541;0.0212699;0.0011568
1046;747;0.707548;-19.7068;19.7195;-0.00324278;0.0213721;-0.000173341
1069;747;0.629191;-19.7271;19.7371;-0.00370759;0.020518;0.000874976
1092;747;0.53668;-19.7181;19.7254;-0.00359862;0.0209032;0.000699865
1115;747;0.463348;-19.701;19.7064;-0.00333957;0.020077;-4.00174e-06
1138;747;0.382793;-19.7473;19.7511;-0.00262604;0.0211244;-0.00132134
1161;747;0.342347;-19.7649;19.7679;-0.00289932;0.0210732;-0.00134478
1184;747;0.249226;-19.7674;19.769;-0.00397436;0.0210433;-0.00143998
1207;747;0.159149;-19.7978;19.7984;-0.00293995;0.0217199;-0.00193261
1230;747;0.113789;-19.7729;19.7732;-0.00402506;0.0218224;-0.00311672
1253;747;-0.0264248;-19.8634;19.8634;-0.0046331;0.0196864;-0.00276703
1276;747;-0.0998708;-19.8341;19.8343;-0.00279767;0.0207062;-0.00300026
1299;747;-0.155298;-19.859;19.8596;-0.00330724;0.0215826;-0.00389416
1322;747;-0.252268;-19.8667;19.8683;-0.00365272;0.0217518;-0.00425215
1345;747;-0.323705;-19.941;19.9436;-0.00219002;0.0211891;-0.00482596
1368;747;-0.353148;-19.9178;19.921;-0.0035053;0.020111;-0.0038582
1391;747;-0.485238;-19.919;19.9249;-0.00515499;0.0204203;-0.00566754
1414;747;-0.590912;-19.9613;19.9701;-0.00423439;0.0218016;-0.00605223
1437;747;-0.680451;-19.9592;19.9708;-0.00550419;0.0231079;-0.00671019
1460;747;-0.844824;-19.9198;19.9377;-0.00547709;0.0225561;-0.00666222
1483;747;-0.933103;-19.9255;19.9474;-0.00268425;0.0221833;-0.00796493
1506;747;-0.968466;-19.9178;19.9414;-0.00521729;0.0217092;-0.0068105
1529;747;-1.17381;-19.8412;19.8759;-0.00780255;0.0228113;-0.00610909
1552;747;-1.32907;-19.7596;19.8043;-0.00924684;0.0254845;-0.00757736
1575;747;-1.60171;-19.6153;19.6806;-0.0112011;0.0258043;-0.00407042
1598;747;-1.84956;-19.3004;19.3889;-0.00731592;0.0232833;0.000832254
1621;747;-1.94631;-18.8256;18.9259;-0.00398461;0.0265958;0.00403003
655;770;2.97498;-18.1702;18.4121;0.000644168;0.0315575;-0.00162311
678;770;2.98781;-18.472;18.7121;-0.00273004;0.0258226;0.00234704
701;770;2.84743;-18.5754;18.7924;-0.00883219;0.0259006;0.00228638
724;770;2.57891;-18.7443;18.9208;-0.0104783;0.0259804;0.00253979
747;770;2.36227;-18.8118;18.9595;-0.00773301;0.0250827;0.00485928
770;770;2.22166;-18.8564;18.9868;-0.00695475;0.0265174;0.00380276
793;770;2.04084;-19.0009;19.1102;-0.00865458;0.0233587;0.00294731
816;770;1.82093;-19.1407;19.2271;-0.00730323;0.023214;0.00413697
839;770;1.70359;-19.0788;19.1547;-0.00397529;0.0257079;0.00442168
862;770;1.6377;-19.1332;19.2032;-0.00331601;0.0237616;0.00434186
885;770;1.55078;-19.0347;19.0977;-0.00645247;0.0220991;0.00533673
908;770;1.3399;-19.092;19.1389;-0.00637858;0.0222226;0.001081
931;770;1.25582;-19.2681;19.309;-0.00427032;0.0234105;0.00262052
954;770;1.14286;-19.2238;19.2578;-0.00459682;0.0218388;0.00368707
977;770;1.04372;-19.1474;19.1758;-0.00389298;0.0226711;0.0020716
1000;770;0.96343;-19.213;19.2372;-0.00449489;0.0228538;0.00177548
1023;770;0.836486;-19.1658;19.184;-0.00543731;0.0214423;0.00213444
1046;770;0.712602;-19.1623;19.1756;-0.0043064;0.0239133;-0.000318783
1069;770;0.637901;-19.2411;19.2517;-0.00357032;0.0224874;-4.37986e-05
1092;770;0.548048;-19.2106;19.2184;-0.00372819;0.0218749;0.000764723
1115;770;0.46608;-19.2598;19.2654;-0.00467287;0.0213408;-0.000374487
1138;770;0.332583;-19.2376;19.2405;-0.00476034;0.02331;-0.000241794
1161;770;0.246562;-19.2185;19.2201;-0.00321634;0.0229959;-0.00129542
1184;770;0.184388;-19.216;19.2168;-0.00405261;0.0234173;-0.00138706
1207;770;0.0597566;-19.241;19.2411;-0.00439827;0.0204489;-0.00271047
1230;770;-0.0183854;-19.2391;19.2391;-0.00352844;0.0228734;-0.00348032
1253;770;-0.102929;-19.332;19.3323;-0.00431338;0.0228076;-0.00303666
1276;770;-0.217399;-19.3635;19.3647;-0.00458704;0.0212173;-0.00217645
1299;770;-0.314419;-19.3315;19.334;-0.00360985;0.0225876;-0.00245457
1322;770;-0.383773;-19.3211;19.3249;-0.00479788;0.0217872;-0.00401457
1345;770;-0.535673;-19.3732;19.3806;-0.00370733;0.0237454;-0.00479865
1368;770;-0.554677;-19.3889;19.3968;-0.00443349;0.0229482;-0.00537398
1391;770;-0.7401;-19.4275;19.4416;-0.00626089;0.0219044;-0.00531116
1414;770;-0.843585;-19.3885;19.4068;-0.00621416;0.0228152;-0.0038706
1437;770;-1.02688;-19.3674;19.3946;-0.00625164;0.0230147;-0.00519583
1460;770;-1.13208;-19.3559;19.389;-0.0059373;0.0222972;-0.00564461
1483;770;-1.30082;-19.3825;19.4261;-0.00553861;0.0208042;-0.00703615
1506;770;-1.38757;-19.3772;19.4268;-0.00456914;0.0246524;-0.00818116
1529;770;-1.51151;-19.3275;19.3865;-0.009052;0.0235013;-0.00565859
1552;770;-1.80653;-19.1307;19.2158;-0.0102147;0.0263009;-0.00526251
1575;770;-1.98524;-18.9677;19.0713;-0.006244;0.0251585;-0.00420197
1598;770;-2.09592;-18.7903;18.9069;-0.00509775;0.0203249;0.00247327
1621;770;-2.22651;-18.2162;18.3518;-0.00534992;0.0268407;0.00698363
655;793;3.31058;-17.5976;17.9063;-0.00131606;0.0273907;0.0024321
678;793;3.27916;-17.8246;18.1237;-0.00583485;0.0259719;0.000342705
701;793;3.03978;-17.9812;18.2363;-0.0106848;0.022862;0.00142784
724;793;2.78417;-18.1009;18.3138;-0.00799948;0.0225565;0.00316498
747;793;2.66965;-18.2273;18.4217;-0.00756382;0.0240187;0.00368147
770;793;2.43451;-18.2918;18.4531;-0.00660648;0.0237291;0.00312205
793;793;2.36433;-18.4218;18.5729;-0.00706208;0.0230636;0.00388562
816;793;2.10824;-18.4475;18.5676;-0.00863536;0.0246466;0.00517509
839;793;1.96537;-18.4157;18.5203;-0.00530598;0.0262675;0.00430174
862;793;1.8634;-18.5457;18.6391;-0.00373181;0.0246695;0.00342265
885;793;1.79307;-18.5858;18.6721;-0.00726012;0.0214044;0.00341446
908;793;1.52808;-18.6578;18.7202;-0.00654881;0.0228665;0.00322464
931;793;1.49076;-18.6663;18.7258;-0.00544786;0.02492;0.00323163
954;793;1.27679;-18.6658;18.7094;-0.00750663;0.0239415;0.00360071
977;793;1.14412;-18.6094;18.6445;-0.00495114;0.0215714;0.00278439
1000;793;1.04845;-18.6206;18.6501;-0.00477102;0.0214013;0.00134111
1023;793;0.924102;-18.6544;18.6773;-0.00634804;0.0188129;0.00210083
1046;793;0.755506;-18.6197;18.635;-0.00540693;0.0209758;0.000528408
1069;793;0.674681;-18.704;18.7162;-0.00279954;0.0198281;-8.51533e-05
1092;793;0.626431;-18.7227;18.7332;-0.00473364;0.0217209;0.000688562
1115;793;0.456408;-18.7296;18.7351;-0.00668193;0.0231246;0.000322369
1138;793;0.318015;-18.6873;18.69;-0.00554607;0.021863;0.000171607
1161;793;0.200576;-18.7192;18.7203;-0.00377036;0.0228266;-0.000859645
1184;793;0.144247;-18.7027;18.7032;-0.00580699;0.0210046;-0.00269037
1207;793;-0.0675646;-18.8671;18.8672;-0.005601;0.0218688;-0.00219997
1230;793;-0.114134;-18.733;18.7334;-0.00242653;0.021701;-0.00109957
1253;793;-0.179339;-18.8262;18.8271;-0.00406303;0.0227272;-0.00349803
1276;793;-0.301616;-18.8687;18.8711;-0.0053341;0.0248004;-0.00327074
1299;793;-0.425366;-18.8322;18.837;-0.00604585;0.0237555;-0.00320389
1322;793;-0.580571;-18.8763;18.8852;-0.00589179;0.0222141;-0.00394171
1345;793;-0.697202;-18.8629;18.8758;-0.00462773;0.0240939;-0.0029133
1368;793;-0.793942;-18.8761;18.8928;-0.00607176;0.0232197;-0.00608592
1391;793;-0.977398;-18.9248;18.95;-0.0047092;0.0237023;-0.00565131
1414;793;-1.0111;-18.9254;18.9524;-0.0047194;0.0221372;-0.00451851
1437;793;-1.19501;-18.9152;18.9529;-0.00737743;0.020394;-0.00496786
1460;793;-1.35173;-18.9081;18.9563;-0.0079489;0.0199756;-0.00657285
1483;793;-1.56217;-18.9825;19.0467;-0.00928994;0.0258523;-0.00488902
1506;793;-1.78119;-18.8045;18.8886;-0.00846604;0.0259909;-0.00504457
1529;793;-1.95372;-18.779;18.8804;-0.00886055;0.0266819;-0.00589185
1552;793;-2.19118;-18.5732;18.702;-0.00837779;0.0258496;-0.00404426
1575;793;-2.34172;-18.478;18.6258;-0.00433445;0.025619;-0.00397601
1598;793;-2.39142;-18.3779;18.5329;-0.00294211;0.0252168;0.00223357
1621;793;-2.48547;-17.6101;17.7847;-0.00352378;0.032577;0.0101722
655;816;3.66594;-16.9321;17.3244;-0.0107152;0.027267;-0.00598178
678;816;3.41527;-17.2944;17.6284;-0.00857421;0.0257481;-0.00349408
701;816;3.2658;-17.5373;17.8388;-0.00622479;0.0260292;-0.000212164
724;816;3.12604;-17.7213;17.9949;-0.00790088;0.0239516;0.00241021
747;816;2.90054;-17.7229;17.9587;-0.00897709;0.025354;0.00271975
770;816;2.71118;-17.78;17.9856;-0.00733642;0.0240502;0.00270529
793;816;2.56122;-17.9548;18.1366;-0.00899409;0.0266948;0.000743902
816;816;2.29493;-18.023;18.1685;-0.00776271;0.02455;0.00407414
839;816;2.20269;-17.8886;18.0237;-0.00360851;0.0237343;0.00369897
862;816;2.12864;-18.0146;18.14;-0.0047678;0.0236606;0.00097961
885;816;1.98252;-18.0624;18.1708;-0.00881223;0.0255383;0.00245064
908;816;1.72146;-18.0534;18.1353;-0.00907667;0.0277641;0.00308845
931;816;1.56302;-18.1367;18.2039;-0.00657505;0.0264963;0.00148626
954;816;1.41793;-18.1362;18.1915;-0.00667789;0.02697;0.00193534
977;816;1.2548;-18.166;18.2093;-0.00615968;0.0224849;0.000892629
1000;816;1.13359;-18.2392;18.2744;-0.00486876;0.0215841;6.79473e-05
1023;816;1.03006;-18.3088;18.3378;-0.00695734;0.0215872;0.00116333
1046;816;0.812418;-18.2075;18.2256;-0.00638638;0.0216611;0.00069694
1069;816;0.735336;-18.338;18.3527;-0.00378708;0.0231383;-2.209e-05
1092;816;0.637879;-18.2222;18.2333;-0.00597334;0.0263071;0.000631339
1115;816;0.459552;-18.2081;18.2139;-0.00650153;0.0264224;-0.000513406
1138;816;0.337825;-18.2427;18.2458;-0.00599593;0.0238469;1.32682e-05
1161;816;0.182899;-18.1802;18.1811;-0.00543167;0.0242378;-0.000715813
1184;816;0.087283;-18.2598;18.26;-0.00640149;0.0241225;-0.00191312
1207;816;-0.112565;-18.2461;18.2465;-0.00539717;0.0255883;-0.000683905
1230;816;-0.161661;-18.2517;18.2524;-0.00378063;0.0232293;-0.00230543
1253;816;-0.286834;-18.2986;18.3008;-0.00762554;0.0270485;-0.00311584
1276;816;-0.513786;-18.2374;18.2446;-0.0068517;0.027117;-0.00338357
1299;816;-0.603123;-18.2523;18.2622;-0.00440658;0.0249518;-0.00477436
1322;816;-0.716997;-18.3116;18.3256;-0.00438164;0.0261076;-0.00333404
1345;816;-0.805129;-18.2787;18.2964;-0.00730605;0.024868;-0.00379158
1368;816;-1.05432;-18.3356;18.3659;-0.0088003;0.0237153;-0.0049888
1391;816;-1.2118;-18.3522;18.3922;-0.00470003;0.024475;-0.00491674
1414;816;-1.27105;-18.3831;18.427;-0.00635498;0.0264872;-0.00607573
1437;816;-1.50515;-18.4411;18.5024;-0.00868824;0.0268238;-0.00687558
1460;816;-1.67251;-18.4491;18.5248;-0.00771708;0.024977;-0.00388749
1483;816;-1.86209;-18.2116;18.3066;-0.00850481;0.0273309;-0.00354053
1506;816;-2.06608;-18.2017;18.3185;-0.00942823;0.0259716;-0.00398339
1529;816;-2.29794;-18.1226;18.2677;-0.00922536;0.0277958;-0.00312269
1552;816;-2.49306;-17.9616;18.1338;-0.00551977;0.0258458;-0.00230781
1575;816;-2.55364;-17.8074;17.9895;-0.00623863;0.0283433;-0.00227345
1598;816;-2.782;-17.6496;17.8675;-0.00676112;0.0302438;0.00435827
1621;816;-2.87805;-16.7458;16.9913;-0.00339506;0.0210927;0.0142354
655;839;3.5065;-16.3604;16.7319;0.00332513;0.0263754;-0.00548538
678;839;3.58096;-16.656;17.0366;-0.000948152;0.0255813;-0.00113187
701;839;3.46075;-16.8009;17.1537;-0.00823448;0.0271139;0.000151718
724;839;3.1992;-17.0138;17.312;-0.0103163;0.0271003;0.000305657
747;839;2.9829;-17.0765;17.335;-0.00594855;0.0260208;0.00180189
770;839;2.92436;-17.2011;17.4479;-0.00645025;0.0258341;0.00302137
793;839;2.68503;-17.2109;17.419;-0.0109501;0.0269038;0.00189301
816;839;2.41768;-17.3328;17.5006;-0.00836709;0.0270802;0.00207401
839;839;2.29834;-17.3377;17.4894;-0.00617292;0.022383;0.00187736
862;839;2.13263;-17.4706;17.6003;-0.00515216;0.0232331;0.000984667
885;839;2.06064;-17.4264;17.5478;-0.00521814;0.0254439;0.0025898
908;839;1.89191;-17.3993;17.5018;-0.00750854;0.0242636;0.00236548
931;839;1.71393;-17.4638;17.5477;-0.00877756;0.0266419;0.00258453
954;839;1.48634;-17.4419;17.5051;-0.00824969;0.0267162;0.00014665
977;839;1.3327;-17.5869;17.6373;-0.00616867;0.0262112;-4.21697e-06
1000;839;1.20128;-17.6385;17.6793;-0.00722069;0.0260547;0.000302296
1023;839;0.999257;-17.672;17.7002;-0.00760657;0.0275871;0.000445961
1046;839;0.850033;-17.634;17.6544;-0.00674924;0.0243855;0.00112161
1069;839;0.687732;-17.6517;17.6651;-0.00648212;0.026702;0.00145334
1092;839;0.55076;-17.5281;17.5368;-0.00558311;0.0252756;0.00042735
1115;839;0.430026;-17.5298;17.5351;-0.00563854;0.0254547;-0.00129036
1138;839;0.29059;-17.6032;17.6056;-0.00602415;0.0259683;-0.00127134
1161;839;0.151991;-17.6175;17.6181;-0.0055404;0.0228331;-0.000631534
1184;839;0.0350219;-17.6062;17.6063;-0.00630722;0.0245005;-0.00219061
1207;839;-0.139145;-17.7048;17.7053;-0.00667705;0.0236678;-0.00138799
1230;839;-0.273209;-17.6769;17.679;-0.0074455;0.0239291;-0.00136752
1253;839;-0.483045;-17.5993;17.606;-0.00843551;0.025562;-0.00206044
1276;839;-0.662909;-17.6391;17.6516;-0.00665263;0.0230942;-0.00335738
1299;839;-0.790201;-17.6998;17.7174;-0.00430639;0.0230689;-0.00356836
1322;839;-0.861461;-17.6915;17.7124;-0.00506559;0.0234944;-0.00418733
1345;839;-1.02382;-17.734;17.7635;-0.00692136;0.0234765;-0.00565492
1368;839;-1.18108;-17.7994;17.8386;-0.00777494;0.024127;-0.0035594
1391;839;-1.38294;-17.8141;17.8677;-0.00651626;0.0246847;-0.00302088
1414;839;-1.48187;-17.7251;17.7869;-0.00826345;0.0264454;-0.00330415
1437;839;-1.76479;-17.7009;17.7887;-0.0101058;0.0271376;-0.00544756
1460;839;-1.94914;-17.7769;17.8835;-0.00827469;0.0288287;-0.00579875
1483;839;-2.14703;-17.7456;17.875;-0.00636902;0.023547;-0.00325087
1506;839;-2.2433;-17.6272;17.7693;-0.0074735;0.027924;-0.00161135
1529;839;-2.49266;-17.5208;17.6972;-0.0105079;0.0260446;-0.00164763
1552;839;-2.72979;-17.4023;17.6151;-0.00825011;0.0255568;-0.00109134
1575;839;-2.87491;-17.1952;17.4339;-0.00773125;0.0274003;-0.00110661
1598;839;-3.08848;-17.0123;17.2904;-0.00315253;0.0267061;-0.000190219
1621;839;-3.02336;-16.653;16.9252;0.00295731;0.0118157;0.0019539
655;862;3.76768;-15.7345;16.1793;-4.6645e-05;0.0241134;-0.00348919
678;862;3.76314;-16.1336;16.5667;-0.00247065;0.0227568;-0.00262177
701;862;3.6503;-16.3081;16.7117;-0.0069629;0.0223175;-0.00112991
724;862;3.44032;-16.4922;16.8472;-0.00842478;0.0254336;0.00163438
747;862;3.26051;-16.5425;16.8608;-0.00672686;0.0243555;0.00363064
770;862;3.12969;-16.6085;16.9008;-0.00835809;0.0239855;0.00116556
793;862;2.87402;-16.7345;16.9795;-0.0110376;0.0217657;0.00248566
816;862;2.61874;-16.7948;16.9978;-0.00769905;0.0222669;0.00350662
839;862;2.51828;-16.8713;17.0582;-0.00666452;0.0232329;0.00301214
862;862;2.31085;-16.9584;17.1151;-0.00800615;0.0263815;0.00251259
885;862;2.1485;-16.9068;17.0427;-0.00718205;0.0247712;0.00135046
908;862;1.97928;-16.9512;17.0664;-0.00653123;0.0237625;0.00152901
931;862;1.84707;-16.9279;17.0284;-0.00909628;0.0252335;0.00241322
954;862;1.55892;-16.9234;16.9951;-0.00843673;0.023459;0.00178554
977;862;1.4573;-16.9761;17.0386;-0.00669908;0.0271969;0.000810025
1000;862;1.24953;-17.056;17.1017;-0.00845349;0.0263886;0.000683023
1023;862;1.06671;-17.0568;17.0902;-0.00766752;0.0282882;0.000580308
1046;862;0.895446;-17.0992;17.1226;-0.00663167;0.0259207;5.93539e-05
1069;862;0.760587;-17.1257;17.1425;-0.00744415;0.0259704;0.00119602
1092;862;0.551724;-17.0739;17.0828;-0.00742847;0.0229547;0.00134674
1115;862;0.417539;-17.0517;17.0568;-0.00522689;0.0225677;0.000160777
1138;862;0.310654;-17.0632;17.0661;-0.00628094;0.0229825;-0.000852289
1161;862;0.127614;-17.1417;17.1421;-0.00728055;0.0246313;-0.00116924
1184;862;-0.0255548;-17.1464;17.1464;-0.00641211;0.0222819;-0.00169195
1207;862;-0.168304;-17.17;17.1709;-0.00804575;0.0247823;-0.00180464
1230;862;-0.397164;-17.1644;17.169;-0.0075528;0.0253153;-0.00158257
1253;862;-0.517066;-17.1379;17.1457;-0.00702204;0.0237911;-0.00131237
1276;862;-0.721325;-17.1875;17.2026;-0.00783805;0.0240157;-0.00227126
1299;862;-0.879088;-17.2039;17.2263;-0.00752961;0.025688;-0.00248564
1322;862;-1.06904;-17.2445;17.2776;-0.00733549;0.0258682;-0.0028598
1345;862;-1.21777;-17.213;17.256;-0.00504405;0.026761;-0.00217043
1368;862;-1.30165;-17.2395;17.2885;-0.00758972;0.027431;-0.00304776
1391;862;-1.56823;-17.2317;17.303;-0.00850783;0.0276186;-0.00275737
1414;862;-1.69472;-17.1842;17.2676;-0.00843033;0.0256062;-0.00443954
1437;862;-1.95768;-17.2114;17.3224;-0.0101513;0.0265177;-0.00250809
1460;862;-2.1641;-17.1442;17.2802;-0.0077865;0.0278111;-0.0034538
1483;862;-2.31732;-17.1431;17.299;-0.00614668;0.0285542;-0.00176602
1506;862;-2.44819;-16.9362;17.1122;-0.0079352;0.0285847;-0.00216438
1529;862;-2.68424;-16.9414;17.1527;-0.0104342;0.028788;-0.00321842
1552;862;-2.93089;-16.8027;17.0564;-0.00810072;0.0282948;-1.83536e-05
1575;862;-3.05994;-16.5665;16.8467;-0.00920782;0.0261954;-0.000331268
1598;862;-3.35786;-16.4406;16.78;-0.0078477;0.0253641;-0.00022741
1621;862;-3.42376;-16.2086;16.5663;-0.00281042;0.0296975;-0.000228261
655;885;4.00277;-15.2668;15.7829;-0.00316358;0.0165591;-0.00520284
678;885;3.92714;-15.6222;16.1082;-0.00595378;0.0259425;-0.00321895
701;885;3.72513;-15.7863;16.2198;-0.00722006;0.0244018;-0.000388112
724;885;3.59319;-15.86;16.262;-0.00619064;0.0268456;0.00062864
747;885;3.43909;-15.9716;16.3377;-0.00783538;0.0274779;4.19284e-05
770;885;3.23065;-16.1117;16.4324;-0.00714036;0.0262709;-0.000955863
793;885;3.10877;-16.2222;16.5174;-0.00750236;0.0252684;0.00126142
816;885;2.88375;-16.322;16.5748;-0.00785927;0.0251621;0.00232382
839;885;2.74577;-16.2833;16.5132;-0.0104105;0.0268973;0.00317463
862;885;2.40232;-16.2735;16.4498;-0.012259;0.0295268;0.00139119
885;885;2.17835;-16.3008;16.4458;-0.00751431;0.0267924;0.00151379
908;885;2.05533;-16.3192;16.4481;-0.00583224;0.026988;0.00109462
931;885;1.90928;-16.3177;16.429;-0.00765621;0.0273772;0.00039907
954;885;1.70175;-16.3757;16.4639;-0.00789199;0.0246999;0.00166088
977;885;1.54479;-16.3528;16.4256;-0.00765598;0.0255356;0.000781637
1000;885;1.34817;-16.4404;16.4956;-0.00967106;0.0253452;0.000555582
1023;885;1.09774;-16.3887;16.4254;-0.00912289;0.0272688;0.00083777
1046;885;0.926583;-16.4567;16.4828;-0.00704383;0.0275021;0.000188177
1069;885;0.772493;-16.4723;16.4904;-0.007088;0.0276213;-0.00030102
1092;885;0.599363;-16.4841;16.495;-0.00733254;0.0256239;0.000140806
1115;885;0.43394;-16.5031;16.5088;-0.0063929;0.0266229;-0.000707393
1138;885;0.304284;-16.5579;16.5607;-0.0065984;0.0230425;-0.000584996
1161;885;0.129405;-16.4981;16.4986;-0.00858722;0.0262522;-0.00086491
1184;885;-0.0924523;-16.5926;16.5929;-0.00902862;0.0262329;-0.00206993
1207;885;-0.287875;-16.5788;16.5813;-0.00780804;0.0249774;-0.00101072
1230;885;-0.453083;-16.5271;16.5333;-0.00634829;0.0258078;-0.000437095
1253;885;-0.58087;-16.5178;16.528;-0.00763109;0.0265622;-0.0023845
1276;885;-0.805467;-16.5476;16.5672;-0.00824404;0.0265149;-0.00165918
1299;885;-0.961674;-16.5332;16.5612;-0.00675242;0.0260198;-0.00218921
1322;885;-1.11714;-16.5172;16.555;-0.0058111;0.0294494;-0.00172634
1345;885;-1.22977;-16.5195;16.5652;-0.00708398;0.0267976;-0.00133931
1368;885;-1.44419;-16.5552;16.6181;-0.0100845;0.0289603;-0.00368177
1391;885;-1.69604;-16.5618;16.6484;-0.0101785;0.0287232;-0.00359221
1414;885;-1.91481;-16.5639;16.6742;-0.00743654;0.0271532;-0.00297692
1437;885;-2.03944;-16.4976;16.6232;-0.00920309;0.0282998;-0.0025345
1460;885;-2.34014;-16.5165;16.6815;-0.0105143;0.0277146;-0.00339952
1483;885;-2.5257;-16.4519;16.6446;-0.00677281;0.0293097;-0.00131254
1506;885;-2.65312;-16.3323;16.5464;-0.00875123;0.0245714;-0.000947383
1529;885;-2.93063;-16.2171;16.4798;-0.0100876;0.0265658;-0.00183167
1552;885;-3.12001;-16.1203;16.4194;-0.00756721;0.0264386;-0.00158647
1575;885;-3.28053;-16.0074;16.34;-0.00776407;0.0242096;-0.00106816
1598;885;-3.47929;-15.8616;16.2387;-0.0051495;0.0247369;0.00506593
1621;885;-3.52335;-15.3092;15.7094;-0.00162556;0.0256284;0.00891602
655;908;4.01211;-14.9796;15.5076;-0.000475447;0.0152529;0.00162888
678;908;4.00116;-14.956;15.4819;-0.00329551;0.0238741;-0.000175014
701;908;3.85974;-15.1995;15.6819;-0.00671807;0.0237443;-0.000688031
724;908;3.68998;-15.2741;15.7135;-0.00725053;0.0243307;0.00188626
747;908;3.5249;-15.2962;15.6971;-0.00843607;0.0261305;0.000352807
770;908;3.30005;-15.4158;15.7651;-0.00684248;0.0265958;-0.00023672
793;908;3.20813;-15.5876;15.9143;-0.00870312;0.0269658;-0.00161948
816;908;2.89733;-15.6524;15.9183;-0.00962643;0.027811;-9.1321e-05
839;908;2.76312;-15.6509;15.8929;-0.00948932;0.0258966;0.00125539
862;908;2.45872;-15.6199;15.8122;-0.00923934;0.0257908;0.00178955
885;908;2.33611;-15.6908;15.8637;-0.0078085;0.0259189;0.00203016
908;908;2.09799;-15.7262;15.8655;-0.00851915;0.0248961;0.00237447
931;908;1.94254;-15.6855;15.8053;-0.00755208;0.0255346;0.00141121
954;908;1.74922;-15.8013;15.8979;-0.00748637;0.0246837;0.000935627
977;908;1.59668;-15.8163;15.8967;-0.00889095;0.0253308;-8.93225e-05
1000;908;1.33828;-15.9047;15.9609;-0.00941837;0.0256198;0.000614528
1023;908;1.16138;-15.8192;15.8618;-0.00734056;0.0245457;0.00226043
1046;908;0.999334;-15.8511;15.8826;-0.00866551;0.0267342;-0.000454627
1069;908;0.760993;-15.8722;15.8904;-0.00871533;0.0268634;-0.000447684
1092;908;0.596629;-15.91;15.9211;-0.00720735;0.0274585;0.000144846
1115;908;0.428242;-15.8429;15.8487;-0.00747687;0.0274275;-0.00156591
1138;908;0.251276;-16.0153;16.0172;-0.0074678;0.0271016;-0.00165973
1161;908;0.0833066;-15.9495;15.9497;-0.00834245;0.0255046;-4.31303e-05
1184;908;-0.134131;-15.9552;15.9558;-0.00893535;0.028597;-0.00158833
1207;908;-0.329653;-16.0354;16.0387;-0.00793544;0.0251261;-0.00120087
1230;908;-0.500636;-15.9923;16.0002;-0.00838195;0.025551;0.000555857
1253;908;-0.716969;-15.9323;15.9484;-0.00776534;0.0252626;-0.00187687
1276;908;-0.85924;-15.9838;16.0068;-0.00857531;0.0259775;-0.00188698
1299;908;-1.11323;-16.0227;16.0614;-0.00830778;0.0267962;-0.000963052
1322;908;-1.24306;-15.9096;15.9581;-0.00410844;0.0248535;-0.00179622
1345;908;-1.30261;-15.9964;16.0494;-0.0077266;0.0243114;-0.00298714
1368;908;-1.59987;-15.927;16.0071;-0.0127535;0.0267809;-0.0022247
1391;908;-1.89311;-15.93;16.0421;-0.00945768;0.0275342;-0.00437535
1414;908;-2.03701;-15.9529;16.0825;-0.00755883;0.027714;-0.00230118
1437;908;-2.24214;-15.9284;16.0854;-0.0106096;0.0267608;-0.00356261
1460;908;-2.52771;-15.8879;16.0877;-0.00838736;0.028487;-0.00195993
1483;908;-2.62973;-15.8151;16.0322;-0.00544055;0.0265841;-0.0028378
1506;908;-2.77871;-15.8206;16.0628;-0.00961674;0.025396;-0.00192327
1529;908;-3.07432;-15.7368;16.0342;-0.0111463;0.0257759;-0.0013367
1552;908;-3.29485;-15.6035;15.9476;-0.00759718;0.0242306;6.47301e-05
1575;908;-3.42592;-15.4674;15.8423;-0.00677135;0.0270012;0.000231315
1598;908;-3.60829;-15.3171;15.7364;-0.00669212;0.02803;0.00133531
1621;908;-3.73675;-15.0455;15.5026;-0.00549952;0.0202734;0.00271048
655;931;4.10459;-14.5706;15.1377;0.00140072;0.0211209;0.00236311
678;931;4.13676;-14.5372;15.1143;-0.00250072;0.022362;0.00087127
701;931;3.9892;-14.7074;15.2388;-0.00581927;0.0258414;-0.000822117
724;931;3.86777;-14.7549;15.2534;-0.00802615;0.0247543;0.00128987
747;931;3.61844;-14.7853;15.2216;-0.00774479;0.024831;-0.000235348
770;931;3.50987;-14.9049;15.3126;-0.0089688;0.0265461;0.00117725
793;931;3.20351;-14.9982;15.3365;-0.012287;0.0276265;-0.000191712
816;931;2.94089;-15.06;15.3445;-0.0081121;0.0274592;0.00123903
839;931;2.8287;-15.1072;15.3697;-0.00717174;0.0256977;0.00129301
862;931;2.60977;-15.1025;15.3263;-0.00762671;0.0254967;0.00293825
885;931;2.47652;-15.1246;15.326;-0.00735319;0.0252945;0.000642239
908;931;2.27019;-15.1884;15.3571;-0.00776983;0.0260058;0.00231041
931;931;2.1177;-15.1582;15.3054;-0.00750629;0.0260988;0.00132378
954;931;1.92355;-15.2544;15.3752;-0.0102581;0.0263894;0.00160114
977;931;1.64336;-15.2021;15.2907;-0.0111395;0.0265663;0.000700131
1000;931;1.40824;-15.2767;15.3415;-0.00847049;0.0293886;0.000137563
1023;931;1.252;-15.2734;15.3246;-0.0101444;0.0276585;0.00186824
1046;931;0.939199;-15.243;15.2719;-0.00995249;0.0287549;0.000549707
1069;931;0.791875;-15.2527;15.2733;-0.00772367;0.0291093;0.000446207
1092;931;0.582527;-15.2379;15.249;-0.00853079;0.0302368;0.000575438
1115;931;0.39777;-15.2583;15.2635;-0.00696934;0.0280998;-0.00102371
1138;931;0.260724;-15.3277;15.3299;-0.00724289;0.028134;-0.000963221
1161;931;0.0633093;-15.3395;15.3396;-0.00890708;0.0277457;-0.00091916
1184;931;-0.150854;-15.2955;15.2962;-0.00917728;0.0301964;-0.00154758
1207;931;-0.360906;-15.4372;15.4415;-0.00773406;0.0290292;-0.00122506
1230;931;-0.508062;-15.3664;15.3748;-0.00871785;0.0289851;5.54101e-05
1253;931;-0.763739;-15.3704;15.3893;-0.00820434;0.0279594;-0.000239464
1276;931;-0.887023;-15.3678;15.3934;-0.00788257;0.0296924;8.35356e-05
1299;931;-1.12781;-15.317;15.3585;-0.00915585;0.0290631;-0.00129446
1322;931;-1.31014;-15.3882;15.4439;-0.00781412;0.0258879;-0.00272568
1345;931;-1.48878;-15.4151;15.4868;-0.00888163;0.0276196;-0.00257003
1368;931;-1.72055;-15.3401;15.4363;-0.0126714;0.0280628;-0.000886878
1391;931;-2.07552;-15.3137;15.4537;-0.00885732;0.028366;-0.00173514
1414;931;-2.12982;-15.3067;15.4542;-0.0078537;0.0281182;-0.00255108
1437;931;-2.43823;-15.2844;15.4776;-0.0110162;0.0284392;-0.00191504
1460;931;-2.63947;-15.2252;15.4523;-0.00907573;0.0279771;-0.00106109
1483;931;-2.85764;-15.246;15.5115;-0.00592543;0.0273178;-0.00218645
1506;931;-2.91287;-15.1793;15.4562;-0.00913226;0.0292327;-0.000984698
1529;931;-3.28009;-15.0476;15.401;-0.010354;0.0301086;-0.000168806
1552;931;-3.39193;-15.0196;15.3979;-0.00594567;0.0276514;0.00141774
1575;931;-3.55518;-14.7824;15.2039;-0.00861881;0.0269581;0.00143703
1598;931;-3.79213;-14.5908;15.0756;-0.00591689;0.0264504;0.00171704
1621;931;-3.82987;-14.3869;14.888;-0.00160023;0.023116;0.00271076
655;954;4.16118;-14.0184;14.6229;0.002643;0.0296584;0.00185599
678;954;4.22175;-13.9391;14.5644;-0.0033193;0.0242618;0.00116698
701;954;4.00824;-14.026;14.5875;-0.0071756;0.0275336;-0.00210796
724;954;3.89;-14.1496;14.6745;-0.00758077;0.025283;-0.000636864
747;954;3.65797;-14.168;14.6326;-0.00563971;0.0243139;0.000583909
770;954;3.62979;-14.2116;14.6678;-0.00663238;0.026507;-0.000949736
793;954;3.35156;-14.3341;14.7207;-0.0109017;0.0256032;0.000700824
816;954;3.12513;-14.4067;14.7418;-0.00918646;0.0258323;0.000314784
839;954;2.92678;-14.4839;14.7766;-0.00814009;0.0291818;-0.000899571
862;954;2.74912;-14.4625;14.7215;-0.00957118;0.0268639;0.00201514
885;954;2.48434;-14.5418;14.7525;-0.00870221;0.0246529;0.000126252
908;954;2.34698;-14.5458;14.7339;-0.00759659;0.0282008;0.0014911
931;954;2.13354;-14.5006;14.6567;-0.00873038;0.0251661;-0.00038217
954;954;1.94358;-14.6034;14.7322;-0.00970193;0.0273891;-0.00166873
977;954;1.68493;-14.6102;14.707;-0.0112096;0.0256228;0.000201667
1000;954;1.42501;-14.5722;14.6417;-0.00833203;0.0272055;1.88739e-05
1023;954;1.30003;-14.5643;14.6222;-0.00857239;0.0271662;0.000968735
1046;954;1.02896;-14.5469;14.5832;-0.0108738;0.0270441;0.00138545
1069;954;0.79708;-14.5521;14.5739;-0.00807885;0.0268252;0.000177943
1092;954;0.655823;-14.5395;14.5543;-0.00802756;0.0257481;0.000607187
1115;954;0.426315;-14.568;14.5742;-0.00885887;0.0250375;-0.00176875
1138;954;0.246059;-14.7388;14.7409;-0.00998309;0.0275742;-0.00216871
1161;954;-0.0353875;-14.6906;14.6907;-0.00913285;0.0277737;0.000325898
1184;954;-0.176243;-14.5866;14.5876;-0.00724004;0.0264737;-0.000887337
1207;954;-0.369652;-14.7189;14.7235;-0.00841107;0.0288565;-0.00158069
1230;954;-0.564884;-14.6778;14.6887;-0.00796961;0.0310395;-0.00253894
1253;954;-0.73776;-14.6637;14.6822;-0.00740638;0.0298171;-0.00116879
1276;954;-0.906867;-14.6376;14.6657;-0.0102614;0.0292031;-0.0019873
1299;954;-1.21225;-14.7048;14.7547;-0.0105397;0.025755;-0.00246772
1322;954;-1.39438;-14.734;14.7998;-0.00819957;0.0263227;-0.00158111
1345;954;-1.59101;-14.7439;14.8295;-0.0085207;0.0282658;-0.00166596
1368;954;-1.78809;-14.6541;14.7628;-0.010762;0.0286166;-0.00139841
1391;954;-2.08886;-14.6436;14.7918;-0.0111515;0.0264032;-0.00169722
1414;954;-2.30395;-14.6779;14.8577;-0.00900554;0.0269089;-0.00290894
1437;954;-2.505;-14.639;14.8518;-0.00783909;0.0272762;-0.000917069
1460;954;-2.66601;-14.6186;14.8598;-0.0081085;0.025087;-2.75488e-05
1483;954;-2.87956;-14.5758;14.8576;-0.00887256;0.0279249;0.000327281
1506;954;-3.07614;-14.4959;14.8187;-0.00814311;0.0302881;-0.00124245
1529;954;-3.25613;-14.3724;14.7366;-0.00782389;0.0295794;0.00164919
1552;954;-3.4377;-14.3489;14.755;-0.0103869;0.0305425;0.000206169
1575;954;-3.73662;-14.2446;14.7266;-0.00907484;0.0272111;2.78719e-05
1598;954;-3.85765;-14.1167;14.6343;-0.0036339;0.0232055;0.00164836
1621;954;-3.90477;-13.9945;14.529;-0.00203247;0.019703;0.00175955
655;977;4.1121;-13.226;13.8505;0.00615559;0.0289602;-0.0015122
678;977;4.2523;-13.4345;14.0914;-0.00216864;0.0231174;-0.00167519
701;977;4.01164;-13.4579;14.0431;-0.00642644;0.0250529;-0.000894842
724;977;3.95541;-13.6063;14.1696;-0.00595456;0.0247373;-0.00179299
747;977;3.73637;-13.6803;14.1813;-0.00783408;0.0238447;0.00154568
770;977;3.59352;-13.7014;14.1648;-0.00574775;0.0256034;-0.00127367
793;977;3.47095;-13.8359;14.2646;-0.0101222;0.0242079;-0.00180177
816;977;3.12514;-13.887;14.2343;-0.0144117;0.0275667;0.00140304
839;977;2.80313;-13.7838;14.066;-0.0058121;0.0278136;0.000214469
862;977;2.857;-13.8835;14.1744;-0.00495123;0.0251438;-0.00230908
885;977;2.57428;-14.0043;14.2389;-0.0106225;0.0259063;0.00116092
908;977;2.36573;-13.909;14.1088;-0.00935662;0.0295046;-0.000962941
931;977;2.14184;-14.0148;14.1775;-0.0104541;0.0277805;-0.000627791
954;977;1.88219;-14.0113;14.1372;-0.0110715;0.0279032;-3.09964e-05
977;977;1.62969;-14.0382;14.1325;-0.0112347;0.0270041;-0.000361713
1000;977;1.36245;-14.0418;14.1078;-0.00680224;0.0232976;0.00108768
1023;977;1.31572;-14.0403;14.1018;-0.00665173;0.0261499;0.000405337
1046;977;1.05543;-14.0155;14.0551;-0.0111324;0.0259817;0.00069776
1069;977;0.800745;-14.0349;14.0577;-0.0086605;0.0250283;0.000131371
1092;977;0.65528;-14.0684;14.0836;-0.00781728;0.0255817;-0.000884349
1115;977;0.439653;-14.1207;14.1275;-0.0101409;0.0257865;0.000208615
1138;977;0.186407;-14.0763;14.0776;-0.0108954;0.0284262;-0.000210047
1161;977;-0.0643156;-14.0793;14.0795;-0.00844828;0.027643;-0.000292265
1184;977;-0.203872;-14.0934;14.0949;-0.00754847;0.0244837;-0.00122142
1207;977;-0.412892;-14.1285;14.1345;-0.0128899;0.02755;0.000409733
1230;977;-0.800874;-13.961;13.984;-0.0108265;0.0308709;-0.000230898
1253;977;-0.913767;-14.0189;14.0486;-0.00494515;0.0281513;-0.00234653
1276;977;-1.02899;-14.0438;14.0814;-0.0074383;0.0258619;-0.00314432
1299;977;-1.25739;-14.1473;14.2031;-0.00838113;0.0286705;-0.0022265
1322;977;-1.4164;-14.193;14.2635;-0.0101401;0.0302797;-0.000538186
1345;977;-1.72623;-14.1334;14.2384;-0.0116317;0.0290877;-0.00162658
1368;977;-1.95485;-14.0427;14.1781;-0.0104329;0.0273894;-0.00182414
1391;977;-2.20868;-14.115;14.2867;-0.00972963;0.0267389;-0.0024143
1414;977;-2.40464;-14.0859;14.2897;-0.00813847;0.0295673;-0.00114315
1437;977;-2.58463;-14.0466;14.2824;-0.00655792;0.0286655;-0.000927821
1460;977;-2.7073;-14.0854;14.3432;-0.00800724;0.0295926;-0.00154198
1483;977;-2.9545;-13.979;14.2878;-0.0114825;0.0281359;0.001037
1506;977;-3.23941;-13.8076;14.1825;-0.00702583;0.0288667;0.000427234
1529;977;-3.27965;-13.7065;14.0934;-0.00576555;0.0294601;-0.000251446
1552;977;-3.50571;-13.6356;14.0791;-0.0110957;0.0301707;-0.000237163
1575;977;-3.79319;-13.5479;14.0689;-0.00846296;0.0291073;9.92623e-05
1598;977;-3.89678;-13.5356;14.0854;-0.00269836;0.0273948;-0.00276354
1621;977;-3.91752;-13.4894;14.0468;-0.000899153;0.0278579;4.36093e-05
655;1000;4.44937;-12.7058;13.4624;-0.00622433;0.0179868;0.00217655
678;1000;4.30504;-12.8878;13.5878;-0.00750288;0.024507;-0.00020271
701;1000;4.10257;-12.8877;13.525;-0.00761392;0.0252425;0.000503315
724;1000;3.95325;-13.0254;13.6121;-0.00439749;0.026448;-0.000979607
747;1000;3.89942;-13.0845;13.6532;-0.00608613;0.0281658;0.0021327
770;1000;3.67242;-13.0486;13.5555;-0.0113066;0.0275124;-0.000644321
793;1000;3.3761;-13.2337;13.6576;-0.0101742;0.0262659;-0.00145469
816;1000;3.20188;-13.1557;13.5398;-0.0093708;0.0288395;0.00124462
839;1000;2.943;-13.2218;13.5454;-0.00949593;0.0265289;0.0012221
862;1000;2.76267;-13.3201;13.6036;-0.0070199;0.0276009;-0.00195581
885;1000;2.61872;-13.3654;13.6195;-0.0106833;0.0288913;0.00303217
908;1000;2.26845;-13.2081;13.4015;-0.00945746;0.0278087;0.00206608
931;1000;2.18142;-13.24;13.4185;-0.0065704;0.0301803;-0.000616318
954;1000;1.96503;-13.3373;13.4813;-0.010773;0.0274585;-0.00153708
977;1000;1.68294;-13.3843;13.4897;-0.0094495;0.0293227;-0.000966359
1000;1000;1.52794;-13.5128;13.5989;-0.00806731;0.028437;0.00151622
1023;1000;1.31033;-13.3767;13.4407;-0.0095074;0.0283306;0.00157152
1046;1000;1.08827;-13.3669;13.4111;-0.00965599;0.0272472;-0.000282352
1069;1000;0.863977;-13.4149;13.4427;-0.00921376;0.0277433;0.000853037
1092;1000;0.662462;-13.3774;13.3938;-0.0088744;0.0281055;0.000211619
1115;1000;0.453923;-13.3967;13.4044;-0.0103555;0.0290759;-0.000463958
1138;1000;0.183561;-13.4493;13.4506;-0.0107826;0.0266576;-0.000134836
1161;1000;-0.0447968;-13.4361;13.4362;-0.00913844;0.0277821;0.00052824
1184;1000;-0.238753;-13.4738;13.4759;-0.0091839;0.0274569;-0.000899044
1207;1000;-0.469226;-13.4687;13.4768;-0.00997966;0.0272728;0.00114323
1230;1000;-0.700546;-13.2792;13.2977;-0.00865727;0.0251537;0.00203573
1253;1000;-0.869273;-13.3866;13.4148;-0.00789671;0.0261978;-0.00217866
1276;1000;-1.06561;-13.4633;13.5054;-0.00854504;0.0257613;-0.000562894
1299;1000;-1.26404;-13.4044;13.4639;-0.00851127;0.0285269;0.000220389
1322;1000;-1.45892;-13.3617;13.4411;-0.0137061;0.029926;-0.00235945
1345;1000;-1.89891;-13.4258;13.5594;-0.0111937;0.0280742;-0.00171276
1368;1000;-1.97678;-13.4113;13.5562;-0.00799907;0.0288949;-0.000904261
1391;1000;-2.26835;-13.43;13.6202;-0.0108995;0.029941;-0.00082603
1414;1000;-2.48097;-13.3377;13.5665;-0.00699746;0.0281217;0.000165178
1437;1000;-2.59146;-13.3389;13.5883;-0.00861649;0.0288997;0.000341733
1460;1000;-2.8791;-13.2774;13.586;-0.0103883;0.0281539;-0.00213989
1483;1000;-3.07185;-13.2997;13.6498;-0.00951139;0.0276574;-0.000975157
1506;1000;-3.31881;-13.1873;13.5985;-0.00833087;0.0264061;0.00148257
1529;1000;-3.45743;-13.037;13.4877;-0.00662291;0.0251784;-0.00164113
1552;1000;-3.62494;-12.9818;13.4784;-0.00808937;0.0251091;-0.00131025
1575;1000;-3.8312;-12.9247;13.4806;-0.0118364;0.0270196;0.000149561
1598;1000;-4.1728;-12.8744;13.5338;-0.00356135;0.025876;-0.00068204
1621;1000;-3.99572;-12.7304;13.3428;0.00774825;0.0293579;-0.000611852
655;1023;4.68627;-12.4094;13.2648;-0.0114497;0.0241403;0.00380494
678;1023;4.42123;-12.321;13.0902;-0.0105024;0.0232347;0.00186219
701;1023;4.20049;-12.3114;13.0082;-0.00765374;0.0233135;0.000303494
724;1023;4.06772;-12.4055;13.0554;-0.00526139;0.0234091;-0.000281729
747;1023;3.95774;-12.4029;13.019;-0.00820821;0.0241641;-0.00135399
770;1023;3.68856;-12.4529;12.9877;-0.0110324;0.025407;-0.00186173
793;1023;3.44678;-12.6431;13.1045;-0.00995126;0.0260811;9.51943e-06
816;1023;3.22833;-12.5791;12.9868;-0.00779117;0.0244436;0.00157032
839;1023;3.08694;-12.5801;12.9533;-0.00874358;0.0263095;0.000572879
862;1023;2.82432;-12.631;12.9429;-0.00751446;0.0276976;0.00071886
885;1023;2.73982;-12.6942;12.9866;-0.00858752;0.0279965;0.00132892
908;1023;2.42758;-12.6472;12.878;-0.0112636;0.0241916;0.00226558
931;1023;2.21872;-12.6469;12.84;-0.0116339;0.0243305;-0.000195908
954;1023;1.88911;-12.7651;12.9042;-0.0107345;0.0244754;-0.000412665
977;1023;1.72221;-12.7087;12.8248;-0.00852731;0.0262264;0.00139883
1000;1023;1.49517;-12.752;12.8394;-0.00891419;0.0293442;-0.000158266
1023;1023;1.31029;-12.7551;12.8222;-0.00922551;0.0265674;-0.000385602
1046;1023;1.06881;-12.7787;12.8233;-0.00907604;0.0262361;0.000555232
1069;1023;0.890876;-12.776;12.807;-0.008932;0.0250917;-0.000133959
1092;1023;0.656087;-12.7932;12.81;-0.00908035;0.0257392;-0.00103927
1115;1023;0.471258;-12.8021;12.8108;-0.00954697;0.026204;-0.00107435
1138;1023;0.214751;-12.866;12.8678;-0.00997466;0.0269747;-0.000216415
1161;1023;0.0101097;-12.8187;12.8187;-0.0101303;0.0284645;0.000822843
1184;1023;-0.253631;-12.8473;12.8498;-0.011209;0.0281457;-0.00125014
1207;1023;-0.508483;-12.8907;12.9007;-0.00958661;0.0269531;-0.000472406
1230;1023;-0.696759;-12.8183;12.8372;-0.00902403;0.0235267;-0.000408638
1253;1023;-0.92552;-12.8292;12.8625;-0.00792631;0.0246791;-0.00184518
1276;1023;-1.06286;-12.8736;12.9174;-0.00901922;0.0277736;0.000527207
1299;1023;-1.3423;-12.8534;12.9233;-0.0119132;0.0269265;-0.000782781
1322;1023;-1.61418;-12.8368;12.9379;-0.010631;0.0255761;-0.00228301
1345;1023;-1.83395;-12.8597;12.9898;-0.00908991;0.0267741;0.00142775
1368;1023;-2.03436;-12.7322;12.8937;-0.0114145;0.0269473;-0.000553235
1391;1023;-2.36216;-12.758;12.9748;-0.00971767;0.0280368;-0.000773177
1414;1023;-2.48363;-12.8101;13.0486;-0.0054909;0.026202;-0.000113445
1437;1023;-2.61545;-12.7359;13.0016;-0.0100209;0.0289295;-0.000198342
1460;1023;-2.94692;-12.8087;13.1433;-0.0113074;0.0284207;-0.000244492
1483;1023;-3.13856;-12.7243;13.1056;-0.00922448;0.0278034;0.00103076
1506;1023;-3.37366;-12.6088;13.0523;-0.0109149;0.0274209;0.00141144
1529;1023;-3.6437;-12.5639;13.0816;-0.00799917;0.0239233;0.000340103
1552;1023;-3.74325;-12.4954;13.044;-0.00534287;0.0220039;0.00118396
1575;1023;-3.89078;-12.3215;12.9212;-0.00900823;0.0264969;0.00138011
1598;1023;-4.15971;-12.361;13.0422;-0.00814795;0.0237627;0.00123605
1621;1023;-4.26741;-12.1595;12.8866;-0.00463319;0.0231969;0.00177974
655;1046;4.6204;-11.6088;12.4945;-0.0104856;0.0265828;-0.0071631
678;1046;4.37687;-11.8312;12.6148;-0.00870125;0.0232433;-0.00167189
701;1046;4.21786;-11.8277;12.5572;-0.00769553;0.0235903;-0.000472669
724;1046;4.02132;-11.961;12.6189;-0.00854721;0.02361;-0.00123327
747;1046;3.82272;-11.9862;12.581;-0.00591792;0.0225453;0.00104219
770;1046;3.74823;-11.8944;12.471;-0.00682232;0.0258955;-0.000535063
793;1046;3.50777;-12.0494;12.5496;-0.0100685;0.0293141;-0.000609887
816;1046;3.28248;-12.0448;12.4841;-0.00990606;0.026658;0.00234318
839;1046;3.04981;-12.0272;12.4078;-0.00725711;0.0282377;0.000805743
862;1046;2.94742;-12.0635;12.4184;-0.00630417;0.027106;0.000977364
885;1046;2.75884;-12.0953;12.4059;-0.0111798;0.0276692;-0.000881329
908;1046;2.43022;-12.1087;12.3502;-0.0102384;0.0258777;-0.000282451
931;1046;2.28543;-12.1342;12.3475;-0.00950808;0.0260766;-0.000828546
954;1046;1.9906;-12.2249;12.3859;-0.0105142;0.0287148;0.0011263
977;1046;1.79916;-12.1935;12.3255;-0.00928611;0.0273667;0.00170827
1000;1046;1.56142;-12.1822;12.2819;-0.0107453;0.0271092;0.000948977
1023;1046;1.30219;-12.1704;12.2399;-0.0086558;0.0284073;0.00027028
1046;1046;1.16152;-12.1755;12.2308;-0.00942369;0.0278833;0.000719855
1069;1046;0.86652;-12.2748;12.3054;-0.0122835;0.0265771;-0.000488896
1092;1046;0.59295;-12.2083;12.2227;-0.00945365;0.0272094;0.000651848
1115;1046;0.429526;-12.2067;12.2143;-0.00892229;0.027694;-0.00114182
1138;1046;0.180674;-12.2248;12.2261;-0.00902901;0.0278714;4.10296e-05
1161;1046;0.0122573;-12.1449;12.1449;-0.00996958;0.0284872;0.000199192
1184;1046;-0.280245;-12.1968;12.2001;-0.0119997;0.0280857;-0.00178792
1207;1046;-0.543194;-12.2452;12.2572;-0.0112785;0.02821;-6.8931e-05
1230;1046;-0.802016;-12.2096;12.2359;-0.00952018;0.0283918;-0.00100703
1253;1046;-0.983231;-12.2652;12.3045;-0.00411255;0.0274108;0.000152528
1276;1046;-0.991584;-12.203;12.2432;-0.00848223;0.0293293;0.000924578
1299;1046;-1.37516;-12.1821;12.2595;-0.0145248;0.0318709;-0.000174068
1322;1046;-1.66465;-12.2003;12.3133;-0.0108004;0.0299675;-0.000871253
1345;1046;-1.8747;-12.2102;12.3533;-0.0101498;0.0305614;-0.000414223
1368;1046;-2.13394;-12.1883;12.3737;-0.00832772;0.0281132;0.000169963
1391;1046;-2.25941;-12.1579;12.366;-0.00823359;0.0262725;0.00110233
1414;1046;-2.51427;-12.1478;12.4053;-0.00761789;0.0303432;0.000571405
1437;1046;-2.61137;-12.0268;12.3071;-0.00864379;0.0304458;5.72957e-08
1460;1046;-2.9139;-11.9882;12.3372;-0.0123585;0.0305342;-0.000839755
1483;1046;-3.18342;-12.0382;12.452;-0.00952124;0.0276832;0.000236999
1506;1046;-3.354;-11.9428;12.4048;-0.007783;0.0298149;0.00140359
1529;1046;-3.54293;-11.9495;12.4636;-0.00888433;0.0262365;0.000384137
1552;1046;-3.76453;-11.9807;12.5582;-0.00647161;0.0261195;0.00115012
1575;1046;-3.84216;-11.7216;12.3352;-0.00995745;0.0243942;0.00124389
1598;1046;-4.22526;-11.7941;12.5281;-0.00872855;0.0258754;0.00015382
1621;1046;-4.24546;-11.6762;12.424;-0.000864807;0.0200925;0.00148633
655;1069;4.48153;-11.2029;12.066;0.000457068;0.0228067;-0.00432354
678;1069;4.49196;-11.264;12.1266;-0.00414295;0.0229974;0.000630907
701;1069;4.29055;-11.2388;12.03;-0.00811958;0.0254871;0.000241912
724;1069;4.11688;-11.332;12.0567;-0.00659995;0.0259281;-0.000893211
747;1069;3.98573;-11.3773;12.0552;-0.0089278;0.0241131;0.00215166
770;1069;3.70432;-11.2767;11.8696;-0.00950377;0.0246619;0.00112746
793;1069;3.54642;-11.314;11.8568;-0.00609488;0.0274975;-0.000617891
816;1069;3.423;-11.3692;11.8733;-0.00791227;0.027038;0.00146816
839;1069;3.181;-11.2991;11.7384;-0.00947286;0.0274603;0.00113182
862;1069;2.98516;-11.4008;11.7851;-0.0102954;0.0266163;-0.00190455
885;1069;2.70474;-11.4386;11.754;-0.0117444;0.0246963;-0.00202827
908;1069;2.44165;-11.4718;11.7288;-0.00957582;0.0260352;-3.76824e-05
931;1069;2.26211;-11.4626;11.6837;-0.00836015;0.0260438;0.000942511
954;1069;2.05546;-11.463;11.6458;-0.00920758;0.0277191;0.00061235
977;1069;1.83659;-11.4667;11.6128;-0.0107229;0.0297788;-0.000504473
1000;1069;1.5595;-11.5215;11.6266;-0.0109857;0.0246972;-0.000301385
1023;1069;1.32845;-11.4664;11.5431;-0.00683598;0.0273624;0.000318139
1046;1069;1.24396;-11.5138;11.5808;-0.00971111;0.025539;-0.00181658
1069;1069;0.879429;-11.5693;11.6027;-0.0129126;0.0280433;0.000265952
1092;1069;0.646071;-11.5582;11.5762;-0.0107482;0.0263042;0.00063825
1115;1069;0.382317;-11.5454;11.5517;-0.0106296;0.0261877;-0.0003488
1138;1069;0.154461;-11.6013;11.6024;-0.00828533;0.0254034;0.000540251
1161;1069;-0.000403494;-11.5264;11.5264;-0.010172;0.0268214;-3.65507e-05
1184;1069;-0.315866;-11.573;11.5774;-0.0108364;0.0266021;-0.00192225
1207;1069;-0.501686;-11.6108;11.6217;-0.00981248;0.0276578;0.000583403
1230;1069;-0.769496;-11.5303;11.556;-0.0090135;0.0279834;0.00118296
1253;1069;-0.9182;-11.5851;11.6214;-0.00636587;0.0294975;0.000378194
1276;1069;-1.06327;-11.5437;11.5926;-0.00958096;0.0264859;-0.000883117
1299;1069;-1.36139;-11.4099;11.4909;-0.0130158;0.0272377;-0.00135817
1322;1069;-1.66599;-11.4784;11.5987;-0.0113152;0.0272665;-0.0014771
1345;1069;-1.88492;-11.4748;11.6285;-0.00880555;0.0268836;-0.001487
1368;1069;-2.07285;-11.4567;11.6427;-0.00901925;0.0274205;-0.00287957
1391;1069;-2.30178;-11.5649;11.7918;-0.0106774;0.0275315;-0.000456718
1414;1069;-2.56666;-11.4349;11.7194;-0.0103602;0.0284521;0.0013607
1437;1069;-2.78132;-11.3563;11.692;-0.00966277;0.0271891;-0.00261192
1460;1069;-3.01332;-11.4249;11.8156;-0.0082731;0.0257859;-0.00298096
1483;1069;-3.16361;-11.468;11.8964;-0.0069736;0.0264626;0.000833092
1506;1069;-3.33554;-11.2572;11.7409;-0.00876784;0.0270319;0.000243433
1529;1069;-3.56882;-11.3725;11.9194;-0.0115939;0.0251046;-0.00151488
1552;1069;-3.87201;-11.3093;11.9538;-0.00863925;0.0273718;3.54807e-05
1575;1069;-3.96823;-11.2127;11.8942;-0.00693839;0.0282523;0.00143245
1598;1069;-4.19246;-11.1858;11.9457;-0.00872314;0.025726;-0.000199495
1621;1069;-4.37127;-11.2445;12.0643;-0.0077409;0.0195946;-0.00361287
655;1092;4.34781;-10.5722;11.4313;0.00546113;0.0178997;-0.00565097
678;1092;4.47209;-10.7853;11.6757;-0.000806275;0.0241519;-0.00220793
701;1092;4.3106;-10.6699;11.5078;-0.00845478;0.0237929;-0.000129603
724;1092;4.08151;-10.7834;11.53;-0.00746562;0.0232695;-0.00230843
747;1092;3.96536;-10.8902;11.5897;-0.00637081;0.0253118;0.00079768
770;1092;3.78752;-10.7736;11.42;-0.00907077;0.023958;0.00131528
793;1092;3.54611;-10.8015;11.3687;-0.00831787;0.0217;-0.000617159
816;1092;3.40327;-10.8176;11.3403;-0.0077606;0.0262296;-0.000703115
839;1092;3.18772;-10.7811;11.2425;-0.0105576;0.0215583;-0.00112801
862;1092;2.91501;-10.8551;11.2397;-0.0117497;0.0236216;-0.00264825
885;1092;2.64361;-10.9731;11.287;-0.0100223;0.0249224;-0.000703778
908;1092;2.4516;-10.9263;11.1979;-0.00606546;0.0270145;-4.93125e-06
931;1092;2.36375;-10.9514;11.2036;-0.00865547;0.0258817;0.000201013
954;1092;2.05169;-10.9671;11.1573;-0.0118956;0.0259904;0.0021955
977;1092;1.81313;-10.8435;10.994;-0.011209;0.026917;-0.0018517
1000;1092;1.53306;-11.0598;11.1656;-0.010581;0.0258235;-0.000764975
1023;1092;1.32372;-10.9285;11.0084;-0.00938456;0.0253253;-0.000598783
1046;1092;1.0993;-11.0154;11.0701;-0.00835996;0.0261759;-0.00311518
1069;1092;0.93748;-11.0025;11.0423;-0.0102031;0.0258391;9.4562e-05
1092;1092;0.627538;-11.0139;11.0317;-0.0107161;0.0271352;0.000173437
1115;1092;0.441866;-11.0175;11.0263;-0.00900954;0.0272082;-0.000612491
1138;1092;0.21118;-11.0707;11.0727;-0.00999862;0.0275219;0.00119003
1161;1092;-0.0204827;-10.9273;10.9273;-0.0125846;0.0276305;0.00038099
1184;1092;-0.371476;-10.9891;10.9954;-0.011085;0.0270322;-0.00119945
1207;1092;-0.533295;-10.99;11.003;-0.00752327;0.0278864;0.000307096
1230;1092;-0.718885;-10.9399;10.9635;-0.00868001;0.0276036;0.000278256
1253;1092;-0.934366;-10.9278;10.9677;-0.0115879;0.0284284;-0.00152174
1276;1092;-1.2551;-11.0011;11.0725;-0.0137161;0.0258902;-0.00286935
1299;1092;-1.5697;-10.9462;11.0582;-0.0103733;0.0252546;-0.000332361
1322;1092;-1.73478;-10.9627;11.0991;-0.0100675;0.0252249;-0.00106877
1345;1092;-2.03518;-10.99;11.1769;-0.0123797;0.0253455;-0.00135576
1368;1092;-2.30782;-10.9441;11.1848;-0.00626898;0.0261657;-0.000326211
1391;1092;-2.32453;-10.9084;11.1534;-0.00642661;0.0303031;0.000875099
1414;1092;-2.60448;-10.8572;11.1652;-0.0116634;0.0282102;0.0018991
1437;1092;-2.86436;-10.7934;11.167;-0.0101753;0.0268302;-6.90341e-05
1460;1092;-3.07497;-10.8172;11.2458;-0.00898593;0.0283891;-0.000321802
1483;1092;-3.27961;-10.8367;11.3221;-0.00769172;0.0294572;0.000406779
1506;1092;-3.43028;-10.7158;11.2514;-0.0075846;0.0254804;-0.00214259
1529;1092;-3.62984;-10.8089;11.4021;-0.0107355;0.0303503;0.000579713
1552;1092;-3.92679;-10.7386;11.4341;-0.00446783;0.0266286;0.00399347
1575;1092;-3.83731;-10.4399;11.1228;-0.00615531;0.0279933;0.00128428
1598;1092;-4.21095;-10.6255;11.4295;-0.0134146;0.0233711;-0.00396321
1621;1092;-4.45988;-10.784;11.6698;-0.0107408;0.0220535;-0.00393002
655;1115;4.3959;-10.3868;11.2787;-0.00026002;0.0166831;0.00551252
678;1115;4.38886;-10.1662;11.0731;-0.00257776;0.023303;0.00279035
701;1115;4.27659;-10.1571;11.0207;-0.00560899;0.0227639;-0.00199472
724;1115;4.12999;-10.2738;11.0728;-0.00492296;0.0238571;-5.70155e-05
747;1115;4.04952;-10.2273;10.9999;-0.00855357;0.0277988;0.00208022
770;1115;3.73475;-10.1876;10.8506;-0.0111326;0.0242142;-0.0010894
793;1115;3.53443;-10.3264;10.9145;-0.0086153;0.0240461;0.00138809
816;1115;3.33672;-10.1781;10.7111;-0.00908076;0.0255089;-6.25965e-05
839;1115;3.1148;-10.318;10.7779;-0.00863773;0.0245715;-0.00227867
862;1115;2.93741;-10.3268;10.7364;-0.00869604;0.0237995;0.00101133
885;1115;2.71303;-10.3061;10.6572;-0.0112079;0.0280014;0.00196245
908;1115;2.41885;-10.2455;10.5272;-0.00844358;0.0287465;0.000875344
931;1115;2.32297;-10.2871;10.5461;-0.00587468;0.027576;-0.000725199
954;1115;2.1478;-10.2827;10.5046;-0.0121497;0.0302093;0.000925897
977;1115;1.76062;-10.2448;10.395;-0.012341;0.0253785;-0.000509179
1000;1115;1.57653;-10.3486;10.468;-0.0115351;0.027923;-5.16774e-05
1023;1115;1.22686;-10.3159;10.3886;-0.0117793;0.0245581;0.000906535
1046;1115;1.03144;-10.3256;10.3769;-0.00736751;0.0278718;-0.000629394
1069;1115;0.886624;-10.3957;10.4334;-0.00765852;0.0262634;-0.000571335
1092;1115;0.677789;-10.3264;10.3487;-0.0108572;0.0283749;0.00166677
1115;1115;0.384371;-10.3104;10.3176;-0.0109467;0.028795;-0.000575176
1138;1115;0.171448;-10.3523;10.3537;-0.00939443;0.0279085;-0.00022454
1161;1115;-0.0498373;-10.2726;10.2727;-0.011536;0.027403;-0.000102153
1184;1115;-0.362308;-10.346;10.3523;-0.0102564;0.0268009;9.07233e-05
1207;1115;-0.524134;-10.3455;10.3587;-0.00964453;0.0254187;0.000645271
1230;1115;-0.808167;-10.2776;10.3094;-0.0102094;0.0265039;0.000706524
1253;1115;-0.996216;-10.2955;10.3436;-0.010886;0.0242954;-0.00178213
1276;1115;-1.31177;-10.3684;10.4511;-0.00942938;0.0253866;-0.000442581
1299;1115;-1.43204;-10.2626;10.362;-0.00883368;0.0265458;0.002547
1322;1115;-1.71995;-10.3324;10.4746;-0.0129251;0.0240261;-9.82394e-05
1345;1115;-2.03053;-10.3235;10.5213;-0.0101071;0.027652;0.00247457
1368;1115;-2.18729;-10.2686;10.499;-0.00607054;0.0315678;0.00443424
1391;1115;-2.31082;-10.1915;10.4502;-0.00697821;0.0277902;0.000636155
1414;1115;-2.50956;-10.1551;10.4606;-0.0112058;0.0248844;0.000581276
1437;1115;-2.82924;-10.1383;10.5257;-0.0105674;0.0250278;0.000574125
1460;1115;-2.99826;-10.1371;10.5712;-0.00869791;0.0261104;0.00184584
1483;1115;-3.2311;-10.1324;10.6351;-0.0121989;0.0262544;0.000273637
1506;1115;-3.56289;-10.1002;10.7102;-0.00563137;0.0240308;0.00109312
1529;1115;-3.49107;-9.99707;10.5891;-0.00694317;0.0280186;0.000653624
1552;1115;-3.88339;-10.1003;10.8211;-0.0102772;0.024146;0.000443808
1575;1115;-3.96631;-9.94259;10.7045;-0.00697144;0.0200524;-0.0025088
1598;1115;-4.2052;-10.123;10.9617;-0.00956609;0.0226379;-0.00366194
1621;1115;-4.40945;-10.241;11.1499;-0.00882782;0.0233249;-0.00370729
655;1138;4.40656;-9.81106;10.7552;0.00380937;0.0247949;0.00173433
678;1138;4.49385;-9.72554;10.7136;-0.00367935;0.0223612;0.00210487
701;1138;4.23666;-9.6345;10.5249;-0.00747906;0.023644;-0.000350312
724;1138;4.14851;-9.69881;10.5488;-0.0036369;0.0238058;0.000525552
747;1138;4.06905;-9.62891;10.4534;-0.00779066;0.0241948;-0.00104638
770;1138;3.78873;-9.67295;10.3885;-0.00874023;0.0241221;-0.0016335
793;1138;3.66516;-9.70851;10.3773;-0.00865728;0.0259075;-0.000136987
816;1138;3.38875;-9.65877;10.236;-0.0115694;0.0217579;0.000617857
839;1138;3.12983;-9.66439;10.1586;-0.0084846;0.0289427;-0.00244782
862;1138;2.99665;-9.77309;10.2222;-0.0084009;0.0261991;-0.000544798
885;1138;2.74174;-9.70265;10.0826;-0.0104509;0.0239751;0.00329678
908;1138;2.51311;-9.62245;9.94522;-0.00880219;0.0247584;0.00255545
931;1138;2.33504;-9.69997;9.97707;-0.00907381;0.0244801;0.00032668
954;1138;2.0938;-9.59783;9.82356;-0.0108308;0.0254116;-0.00030806
977;1138;1.8341;-9.6905;9.86254;-0.0106215;0.0247126;-0.0016247
1000;1138;1.60217;-9.79288;9.92308;-0.00972754;0.0248533;-0.000516786
1023;1138;1.38427;-9.81242;9.90958;-0.0103508;0.0239851;0.00203443
1046;1138;1.12353;-9.75069;9.81521;-0.0107857;0.0248913;0.000718547
1069;1138;0.885421;-9.80984;9.84972;-0.00929453;0.0258809;0.000168683
1092;1138;0.693966;-9.72668;9.75141;-0.0101667;0.0263099;0.000518389
1115;1138;0.415245;-9.71146;9.72034;-0.0117314;0.0242279;-0.000831808
1138;1138;0.151051;-9.8044;9.80557;-0.00977381;0.0252273;-0.000342488
1161;1138;-0.036578;-9.68355;9.68362;-0.00948624;0.0255471;-0.000236347
1184;1138;-0.287417;-9.77242;9.77664;-0.0109659;0.0256406;-0.00104458
1207;1138;-0.544058;-9.83526;9.85029;-0.00903617;0.024646;0.000696731
1230;1138;-0.70499;-9.73648;9.76197;-0.00999448;0.0255636;0.00123542
1253;1138;-1.00613;-9.82351;9.8749;-0.0134981;0.0232946;-0.00193177
1276;1138;-1.33029;-9.84783;9.93727;-0.00789068;0.0255159;0.00104625
1299;1138;-1.37061;-9.74132;9.83727;-0.00758987;0.026843;-0.000228247
1322;1138;-1.68076;-9.87051;10.0126;-0.0108269;0.0269265;0.00140653
1345;1138;-1.87138;-9.73545;9.91368;-0.00762661;0.0286041;0.00700527
1368;1138;-2.03432;-9.515;9.73004;-0.0110595;0.0275991;0.000675451
1391;1138;-2.38304;-9.64741;9.93737;-0.01233;0.0255022;-0.00261119
1414;1138;-2.60553;-9.72643;10.0694;-0.00966134;0.0237519;0.000101323
1437;1138;-2.82963;-9.65615;10.0622;-0.00658932;0.0263457;0.0016886
1460;1138;-2.90975;-9.63169;10.0616;-0.0100107;0.0237071;-0.00145181
1483;1138;-3.29245;-9.64443;10.1909;-0.0120726;0.0224829;-0.000872328
1506;1138;-3.46848;-9.62332;10.2293;-0.00599436;0.027716;0.00436277
1529;1138;-3.56915;-9.53763;10.1836;-0.0102387;0.0210858;-0.002787
1552;1138;-3.9419;-9.64102;10.4157;-0.0103219;0.0245263;5.15989e-06
1575;1138;-4.04644;-9.52698;10.3507;-0.00652586;0.0229696;-0.000218923
1598;1138;-4.24309;-9.59571;10.492;-0.0111032;0.0242488;-0.00330425
1621;1138;-4.56047;-9.72335;10.7397;-0.0136885;0.0223299;-0.0029104
655;1161;4.38028;-9.26003;10.2438;0.000960268;0.0223721;0.00327142
678;1161;4.40209;-9.14887;10.1528;-0.00354546;0.0266864;0.000165572
701;1161;4.21655;-9.08205;10.0131;-0.0049722;0.0258567;-0.00099437
724;1161;4.17277;-9.19148;10.0943;-0.00629994;0.0256258;-0.00202346
747;1161;3.92581;-9.12768;9.93612;-0.0109678;0.0252878;-0.000785956
770;1161;3.66535;-9.09109;9.80218;-0.00906204;0.0278395;-0.00202278
793;1161;3.50705;-9.14969;9.79879;-0.00685907;0.0257567;-0.00186718
816;1161;3.34864;-9.18793;9.77913;-0.0108227;0.0269056;0.000915185
839;1161;3.00625;-9.00546;9.49399;-0.00913537;0.0255668;7.27491e-05
862;1161;2.92645;-9.137;9.59421;-0.00308336;0.0264238;-0.00394404
885;1161;2.86371;-9.21642;9.65108;-0.00592067;0.0248251;-0.00036814
908;1161;2.65328;-9.12095;9.49904;-0.011581;0.0245152;0.000329428
931;1161;2.32785;-9.1745;9.46522;-0.011755;0.0240959;-0.000811891
954;1161;2.10933;-9.12823;9.36878;-0.0111611;0.0241438;0.000350797
977;1161;1.81151;-9.12177;9.2999;-0.00983343;0.026047;-0.00224468
1000;1161;1.65466;-9.21924;9.36656;-0.00949877;0.026072;-0.00222985
1023;1161;1.37235;-9.22575;9.32726;-0.0120795;0.0282525;-0.000315983
1046;1161;1.0956;-9.19451;9.25955;-0.0107013;0.0263593;3.04141e-05
1069;1161;0.87743;-9.22017;9.26183;-0.0101987;0.0276419;-0.00047347
1092;1161;0.623996;-9.13173;9.15303;-0.0105946;0.0263247;-0.00068319
1115;1161;0.387466;-9.20912;9.21727;-0.0110943;0.0258444;-0.00134656
1138;1161;0.110733;-9.20615;9.20682;-0.0106441;0.025502;0.000627897
1161;1161;-0.104899;-9.11206;9.11267;-0.00893626;0.0252502;-0.000662721
1184;1161;-0.302195;-9.18127;9.18624;-0.00847591;0.027268;-0.00183786
1207;1161;-0.496599;-9.2254;9.23876;-0.00872864;0.0269247;0.000635887
1230;1161;-0.705527;-9.11649;9.14375;-0.0121923;0.0277754;5.33111e-05
1253;1161;-1.06091;-9.23623;9.29696;-0.0128309;0.0272498;-0.00102814
1276;1161;-1.29968;-9.20932;9.30058;-0.00797716;0.0268762;0.0015647
1299;1161;-1.42974;-9.04396;9.15628;-0.00640183;0.0262358;-0.0012592
1322;1161;-1.59522;-9.11017;9.24878;-0.00692534;0.0291231;-4.05393e-05
1345;1161;-1.74942;-9.02685;9.19481;-0.0134;0.0270262;0.000859831
1368;1161;-2.2159;-9.01611;9.28442;-0.0126404;0.0242273;-0.000861411
1391;1161;-2.3346;-9.03299;9.32981;-0.00596401;0.0243513;-0.000973678
1414;1161;-2.49111;-9.07518;9.41087;-0.00943345;0.0279616;0.00182743
1437;1161;-2.77069;-8.94198;9.3614;-0.0141203;0.0279816;0.000982206
1460;1161;-3.1453;-9.05941;9.58988;-0.011885;0.026945;-0.00235455
1483;1161;-3.321;-9.10965;9.69612;-0.00268455;0.0278394;0.00333604
1506;1161;-3.26946;-8.84334;9.42837;-0.00889132;0.0283603;0.00333241
1529;1161;-3.73189;-9.03775;9.77794;-0.0134785;0.0237077;-0.00173329
1552;1161;-3.89393;-8.98561;9.79305;-0.00652475;0.0285745;0.00354986
1575;1161;-4.03323;-8.8979;9.76931;-0.00898856;0.0257973;0.000578627
1598;1161;-4.30929;-9.02089;9.99732;-0.0082697;0.0230322;-0.00405442
1621;1161;-4.4164;-9.22502;10.2277;-0.00460646;0.0220379;-0.00236466
655;1184;4.48022;-8.79327;9.86884;-0.00661685;0.0171443;0.00794058
678;1184;4.32582;-8.51422;9.55011;-0.00629233;0.0205159;0.00504908
701;1184;4.18864;-8.46011;9.44024;-0.0068798;0.0218027;-0.000140677
724;1184;4.00825;-8.53496;9.42929;-0.00643011;0.0238054;-0.000928262
747;1184;3.89189;-8.48035;9.33076;-0.00832009;0.0228218;0.00296072
770;1184;3.62375;-8.40997;9.15746;-0.00649353;0.0234708;0.00159581
793;1184;3.59218;-8.53863;9.26348;-0.00649101;0.0230447;0.00123722
816;1184;3.32418;-8.43738;9.0686;-0.0109883;0.0262029;0.000563944
839;1184;3.0839;-8.503;9.04497;-0.0102548;0.0213847;0.000683022
862;1184;2.84981;-8.57347;9.0347;-0.0085008;0.0234492;-0.000762066
885;1184;2.69113;-8.57456;8.98695;-0.00756733;0.0266673;-0.0019149
908;1184;2.50034;-8.50825;8.86803;-0.0091775;0.0242762;-0.00225973
931;1184;2.267;-8.60465;8.89828;-0.00927193;0.0233367;-0.000893852
954;1184;2.07183;-8.50031;8.74916;-0.0118224;0.023755;-0.000337743
977;1184;1.71981;-8.50769;8.67978;-0.0122922;0.0230273;-0.00238128
1000;1184;1.50274;-8.60891;8.73908;-0.00845736;0.0248077;-0.00190927
1023;1184;1.3291;-8.5307;8.63361;-0.00827281;0.0271178;-0.000162506
1046;1184;1.12057;-8.55374;8.62683;-0.0119461;0.0242943;-0.000342901
1069;1184;0.776252;-8.55555;8.59069;-0.0108447;0.023727;0.000149551
1092;1184;0.618975;-8.53134;8.55376;-0.00885396;0.0245402;0.000448028
1115;1184;0.367148;-8.53762;8.54551;-0.0110248;0.0259858;5.64792e-05
1138;1184;0.108862;-8.64592;8.6466;-0.0106166;0.0236099;0.000127337
1161;1184;-0.123837;-8.53642;8.53732;-0.00971947;0.0243361;0.00153792
1184;1184;-0.340563;-8.53477;8.54156;-0.00926595;0.0258459;-0.00113633
1207;1184;-0.552128;-8.61296;8.63064;-0.00754023;0.0265941;0.000722751
1230;1184;-0.688769;-8.47608;8.50402;-0.0098045;0.0243381;-0.000500771
1253;1184;-1.00538;-8.58665;8.6453;-0.0149969;0.0271884;-0.00124289
1276;1184;-1.38413;-8.62773;8.73805;-0.0126192;0.0242775;-0.000199958
1299;1184;-1.58958;-8.55041;8.69691;-0.00689012;0.0222534;-0.0014798
1322;1184;-1.70224;-8.54981;8.71762;-0.00648933;0.023658;-0.00113546
1345;1184;-1.88909;-8.50861;8.71579;-0.00878239;0.023091;0.000138603
1368;1184;-2.10822;-8.41379;8.67389;-0.0113093;0.0264287;0.00183874
1391;1184;-2.4123;-8.54058;8.87472;-0.00913124;0.0250395;-0.000604653
1414;1184;-2.53022;-8.45775;8.82811;-0.00740388;0.0228212;5.94989e-05
1437;1184;-2.75441;-8.38658;8.82731;-0.00918626;0.0227766;-0.000644379
1460;1184;-2.95477;-8.40851;8.91256;-0.00979721;0.0240073;0.000256381
1483;1184;-3.20731;-8.38124;8.97396;-0.00604419;0.025675;0.000965201
1506;1184;-3.23371;-8.33733;8.94248;-0.00813683;0.022035;-0.0022254
1529;1184;-3.58321;-8.45971;9.18728;-0.0113306;0.0247789;0.00171651
1552;1184;-3.7579;-8.34521;9.15229;-0.00807336;0.0222794;0.00138438
1575;1184;-3.95621;-8.35532;9.24462;-0.0113156;0.0200819;-0.00224997
1598;1184;-4.28185;-8.54817;9.56062;-0.00870621;0.0214192;-0.00298759
1621;1184;-4.35992;-8.72096;9.75008;-0.0033604;0.0236072;-0.00275129
655;1207;4.54434;-8.47833;9.61941;-0.0006674;0.0179313;0.00860608
678;1207;4.52747;-8.21479;9.37981;-0.00688562;0.0169643;0.00558772
701;1207;4.22485;-8.08983;9.12659;-0.00908177;0.0174141;0.00198754
724;1207;4.10767;-8.10921;9.09023;-0.00332564;0.0198938;0.00111875
747;1207;4.07161;-8.08982;9.05666;-0.00508355;0.0201671;0.00131055
770;1207;3.87315;-8.02428;8.91012;-0.00912703;0.0196279;0.0014226
793;1207;3.64983;-8.10179;8.88596;-0.0110041;0.0221564;-0.000878051
816;1207;3.36414;-7.99799;8.67671;-0.00951123;0.0204775;0.000917362
839;1207;3.21016;-8.0325;8.65022;-0.00940118;0.0234804;-0.000749276
862;1207;2.92958;-8.0707;8.58596;-0.0127741;0.023605;0.00051066
885;1207;2.61874;-8.0063;8.4237;-0.00984219;0.0240249;-0.000382903
908;1207;2.47456;-8.01782;8.391;-0.00826928;0.0230415;-0.00297779
931;1207;2.23665;-8.11334;8.41599;-0.0107479;0.0227982;-0.00138088
954;1207;1.97745;-8.04837;8.28773;-0.0115517;0.0230607;-0.00119462
977;1207;1.70215;-8.07456;8.25202;-0.0102977;0.0248246;0.000186458
1000;1207;1.50127;-8.09216;8.23024;-0.00869934;0.0237289;0.00110936
1023;1207;1.30015;-7.99486;8.09989;-0.00891324;0.0242335;0.000237131
1046;1207;1.08942;-8.09022;8.16325;-0.00934193;0.0238927;-0.00244767
1069;1207;0.868161;-8.14138;8.18754;-0.009569;0.0224172;0.00125946
1092;1207;0.647062;-8.01641;8.04248;-0.00771922;0.0231392;0.00111632
1115;1207;0.511558;-8.02908;8.04536;-0.0113603;0.0246756;-0.000294515
1138;1207;0.121335;-8.13263;8.13353;-0.0127119;0.0264998;0.00173414
1161;1207;-0.0769586;-8.00591;8.00628;-0.00972733;0.0241305;0.00162693
1184;1207;-0.328492;-8.00734;8.01408;-0.00894501;0.0241216;0.000557197
1207;1207;-0.490287;-8.01792;8.0329;-0.00975159;0.0244815;0.000150334
1230;1207;-0.779274;-8.0103;8.04811;-0.0114255;0.0238177;-0.000247838
1253;1207;-1.0189;-8.00213;8.06674;-0.0124544;0.025329;-0.00075224
1276;1207;-1.35589;-8.10583;8.21844;-0.0135613;0.0255271;0.00182387
1299;1207;-1.64702;-8.03195;8.19908;-0.00838807;0.0271156;0.00290129
1322;1207;-1.74343;-8.03472;8.22169;-0.00498473;0.0249383;0.000802533
1345;1207;-1.87692;-7.97683;8.19467;-0.00580181;0.0236993;0.00225925
1368;1207;-2.01161;-7.81648;8.07118;-0.0101281;0.0256169;0.00207467
1391;1207;-2.34527;-7.89524;8.23621;-0.0136468;0.0248185;-0.00208486
1414;1207;-2.64424;-8.03737;8.46116;-0.0115859;0.0230484;-0.000765156
1437;1207;-2.88135;-7.90605;8.41474;-0.0104384;0.0235925;0.000661146
1460;1207;-3.12699;-7.96802;8.55964;-0.00916901;0.0224807;-0.000564328
1483;1207;-3.30509;-7.94339;8.60355;-0.00580637;0.0216204;0.00148359
1506;1207;-3.39504;-7.84083;8.54429;-0.005612;0.022474;-0.00101347
1529;1207;-3.56398;-7.912;8.67766;-0.0103343;0.0232336;-0.00209841
1552;1207;-3.87309;-7.97193;8.86298;-0.0101478;0.0194664;-0.00178951
1575;1207;-4.03323;-7.98322;8.94421;-0.00729357;0.0219771;0.000401561
1598;1207;-4.20989;-8.04604;9.08085;-0.00611148;0.0241746;-0.000381881
1621;1207;-4.31553;-8.15172;9.22358;-0.0045722;0.0263894;-0.00255355
655;1230;4.73573;-7.97639;9.27631;-0.0124785;0.0256922;0.00497327
678;1230;4.44569;-7.74053;8.92636;-0.0101628;0.0212058;0.00166479
701;1230;4.26479;-7.66598;8.77243;-0.00723549;0.0202906;0.00129898
724;1230;4.11151;-7.62888;8.66628;-0.00733513;0.0222279;-0.00012281
747;1230;3.92601;-7.56185;8.52027;-0.00743316;0.0215982;-0.000891646
770;1230;3.76816;-7.516;8.40769;-0.00957687;0.0226404;-0.00193937
793;1230;3.48333;-7.53061;8.29721;-0.00930735;0.0232403;-0.00245841
816;1230;3.33801;-7.50487;8.21373;-0.0085245;0.0212309;0.000108797
839;1230;3.08942;-7.4353;8.05159;-0.0101172;0.0248904;-0.00167262
862;1230;2.87024;-7.50017;8.03061;-0.0105636;0.0251025;-0.00146744
885;1230;2.60087;-7.48247;7.92161;-0.0115786;0.0257324;-0.000879268
908;1230;2.33449;-7.46057;7.81728;-0.00931818;0.0243149;-0.00182517
931;1230;2.17014;-7.56773;7.87274;-0.00895915;0.0250538;-0.000154971
954;1230;1.9205;-7.45172;7.69523;-0.00838369;0.0229513;0.00111709
977;1230;1.78247;-7.37963;7.59185;-0.0085937;0.0250888;-0.000705541
1000;1230;1.52341;-7.53004;7.6826;-0.00937573;0.0248093;-0.00117029
1023;1230;1.34912;-7.42915;7.55065;-0.0103526;0.0229757;0.000127855
1046;1230;1.04466;-7.46756;7.54028;-0.0114969;0.0255897;-0.00126254
1069;1230;0.817063;-7.53568;7.57984;-0.00947528;0.0248675;-0.00150471
1092;1230;0.606707;-7.47898;7.50354;-0.00772513;0.0237644;0.00124771
1115;1230;0.460168;-7.4163;7.43057;-0.00780204;0.0225834;-0.00119688
1138;1230;0.246388;-7.44287;7.44694;-0.012151;0.024983;0.000192708
1161;1230;-0.102221;-7.43951;7.44021;-0.0113009;0.0232476;-0.000384316
1184;1230;-0.276425;-7.43829;7.44343;-0.00936541;0.0236208;-0.000339271
1207;1230;-0.535107;-7.50027;7.51934;-0.00977218;0.0234655;0.000277793
1230;1230;-0.728186;-7.39323;7.429;-0.00954415;0.0261841;0.00183467
1253;1230;-0.976298;-7.43591;7.49973;-0.00983747;0.0215757;-0.00149164
1276;1230;-1.18302;-7.46853;7.56165;-0.00903669;0.0239982;0.00279226
1299;1230;-1.39403;-7.31996;7.45152;-0.0108481;0.0259247;0.0039453
1322;1230;-1.6848;-7.41661;7.60557;-0.0110364;0.025616;-0.000677018
1345;1230;-1.90467;-7.43106;7.67127;-0.00682001;0.0235229;0.00305354
1368;1230;-1.9999;-7.25025;7.52102;-0.0102222;0.0240088;0.000182996
1391;1230;-2.37733;-7.41276;7.78465;-0.0127455;0.0225616;-0.000835221
1414;1230;-2.59026;-7.40951;7.84922;-0.00838233;0.0258137;0.00311829
1437;1230;-2.76465;-7.31383;7.81892;-0.008192;0.0252522;0.00224709
1460;1230;-2.96865;-7.38577;7.96005;-0.00943271;0.0227548;0.000460568
1483;1230;-3.2007;-7.39723;8.05999;-0.00846451;0.0230251;0.00259966
1506;1230;-3.35974;-7.31506;8.04971;-0.00956402;0.0220841;3.32459e-05
1529;1230;-3.64277;-7.40314;8.25083;-0.0106154;0.02164;-0.00178444
1552;1230;-3.85089;-7.4584;8.39387;-0.00433678;0.0240707;0.0029156
1575;1230;-3.84272;-7.35538;8.29868;-0.00634323;0.0240896;0.00236249
1598;1230;-4.14361;-7.44947;8.52433;-0.0115635;0.0220487;-0.000383612
1621;1230;-4.37806;-7.52266;8.7039;-0.0101362;0.0203838;5.30628e-05
655;1253;4.51784;-7.3113;8.59453;-0.00674872;0.0240031;-0.00248448
678;1253;4.36201;-7.24974;8.46085;-0.00622177;0.0209948;0.000156926
701;1253;4.23051;-7.16574;8.32136;-0.0080688;0.0229468;0.000684709
724;1253;3.98908;-7.098;8.14213;-0.00774511;0.0227573;0.000336158
747;1253;3.87281;-7.10722;8.0939;-0.00710949;0.0210177;0.000624038
770;1253;3.66076;-6.99483;7.89486;-0.0100089;0.021371;-0.000485721
793;1253;3.41003;-7.04549;7.82734;-0.00832733;0.0234603;-0.00184483
816;1253;3.27608;-7.0316;7.75733;-0.0077947;0.0234944;-0.000380096
839;1253;3.04984;-6.90172;7.54555;-0.00938984;0.0227301;0.000673641
862;1253;2.84198;-6.93021;7.4903;-0.0119705;0.0240191;-5.27894e-06
885;1253;2.49582;-6.83762;7.27888;-0.00970881;0.0246525;-0.00094251
908;1253;2.39319;-6.91268;7.31523;-0.00612235;0.0220412;-0.000736664
931;1253;2.21311;-6.97496;7.31765;-0.0109392;0.0242832;-0.00187394
954;1253;1.88711;-7.00454;7.25429;-0.010713;0.0214813;-0.000982324
977;1253;1.71763;-6.9346;7.14416;-0.00959046;0.0203216;-0.00183034
1000;1253;1.44379;-6.96478;7.11285;-0.0101686;0.0231802;-0.00133014
1023;1253;1.24747;-6.94987;7.06094;-0.00782497;0.0216879;-0.000127072
1046;1253;1.08241;-6.92779;7.01184;-0.0109657;0.0227581;-0.00049269
1069;1253;0.740205;-7.01153;7.0505;-0.00957963;0.0250694;0.000503792
1092;1253;0.639615;-6.93594;6.96537;-0.00815852;0.0247435;8.95411e-05
1115;1253;0.363369;-7.00195;7.01137;-0.010299;0.0220318;-0.00164411
1138;1253;0.163355;-6.99744;6.99934;-0.0103974;0.0202886;-0.000565028
1161;1253;-0.117457;-6.94869;6.94968;-0.00996155;0.0223525;0.00112977
1184;1253;-0.297227;-6.93334;6.9397;-0.00851958;0.0235586;0.000480393
1207;1253;-0.511041;-6.95089;6.96965;-0.00818681;0.023703;0.001186
1230;1253;-0.675512;-6.82131;6.85468;-0.0122872;0.0224954;-0.000590189
1253;1253;-1.07982;-7.02017;7.10274;-0.0116811;0.0202527;-0.00260546
1276;1253;-1.21643;-7.01505;7.11974;-0.00550146;0.0225688;0.00239758
1299;1253;-1.33388;-6.85552;6.98408;-0.0102635;0.0209604;0.00245415
1322;1253;-1.69123;-6.87113;7.0762;-0.00933736;0.0214752;-0.00059016
1345;1253;-1.76546;-6.90734;7.12939;-0.00697694;0.0242195;0.00268946
1368;1253;-2.01353;-6.72502;7.01999;-0.0106538;0.0220173;0.00096219
1391;1253;-2.25819;-6.86894;7.23061;-0.00959461;0.0227997;-0.00103701
1414;1253;-2.45723;-6.86525;7.29175;-0.00950045;0.022219;0.00187411
1437;1253;-2.69744;-6.75912;7.27749;-0.0116884;0.0229296;0.000253424
1460;1253;-2.99813;-6.93312;7.55361;-0.00950152;0.0247391;-3.05663e-05
1483;1253;-3.13681;-6.89646;7.57633;-0.00839103;0.0222005;0.00139888
1506;1253;-3.38585;-6.83594;7.6285;-0.00962946;0.0219837;-0.000337973
1529;1253;-3.58193;-6.92711;7.7984;-0.0057857;0.0203659;0.000325096
1552;1253;-3.65279;-6.87821;7.78798;-0.00524152;0.0241105;0.00264832
1575;1253;-3.82369;-6.8886;7.87867;-0.00907941;0.0225921;-0.000808552
1598;1253;-4.07265;-7.04294;8.13569;-0.00725185;0.0205288;-0.00183277
1621;1253;-4.15972;-7.22369;8.33577;-0.00374756;0.0187005;-0.00151005
655;1276;4.37872;-6.88655;8.16074;-0.00294314;0.0163413;-0.00061422
678;1276;4.3107;-6.78489;8.03846;-0.00447078;0.0211172;0.00117693
701;1276;4.17184;-6.62236;7.82687;-0.00494263;0.0225019;-7.11641e-05
724;1276;4.08237;-6.59371;7.75517;-0.00637251;0.0229612;-0.00150793
747;1276;3.87776;-6.60501;7.65919;-0.00915349;0.0234474;-0.000908621
770;1276;3.65934;-6.54335;7.49708;-0.0113999;0.0229546;0.000962105
793;1276;3.35012;-6.464;7.28056;-0.0109119;0.0232184;8.07022e-05
816;1276;3.1545;-6.43689;7.16829;-0.00655991;0.0266843;-0.00123324
839;1276;3.04732;-6.40135;7.08967;-0.00760487;0.0253128;-0.00151744
862;1276;2.80332;-6.4083;6.99463;-0.0119307;0.0246037;-0.000474438
885;1276;2.49518;-6.36221;6.83401;-0.00856739;0.0211905;-0.000310383
908;1276;2.40749;-6.45766;6.89184;-0.00874709;0.0222026;-0.00134795
931;1276;2.09092;-6.46401;6.79377;-0.0133876;0.0230318;-0.00118974
954;1276;1.78748;-6.47416;6.71639;-0.0112283;0.0262773;-0.00170697
977;1276;1.57149;-6.45463;6.64317;-0.00805265;0.0234787;-0.0019133
1000;1276;1.41556;-6.47596;6.62886;-0.00590051;0.0226692;-0.00104462
1023;1276;1.29926;-6.44212;6.57183;-0.00764369;0.0237695;0.000428114
1046;1276;1.06257;-6.43234;6.51951;-0.00923825;0.0235713;-0.000903978
1069;1276;0.872293;-6.39662;6.45583;-0.00989387;0.022798;0.001044
1092;1276;0.605113;-6.35452;6.38326;-0.010842;0.023902;-0.00149027
1115;1276;0.370824;-6.41385;6.42456;-0.0100762;0.0246948;-0.00266978
1138;1276;0.138954;-6.51899;6.52047;-0.00939532;0.0232739;-0.000717401
1161;1276;-0.0634108;-6.42255;6.42286;-0.00797393;0.0251542;0.00171268
1184;1276;-0.229574;-6.36709;6.37123;-0.0103218;0.0229154;0.000340974
1207;1276;-0.540689;-6.42256;6.44528;-0.0104207;0.0222484;0.000289933
1230;1276;-0.711452;-6.36983;6.40943;-0.0103394;0.0216004;-0.000547316
1253;1276;-1.01887;-6.51356;6.59276;-0.00906658;0.0242553;0.000868302
1276;1276;-1.13048;-6.44185;6.54029;-0.00639735;0.0245876;0.00295366
1299;1276;-1.31434;-6.36575;6.50002;-0.0120076;0.0210354;-0.000623595
1322;1276;-1.68619;-6.43913;6.65625;-0.0106341;0.0207114;0.00166035
1345;1276;-1.80615;-6.33024;6.58286;-0.00571186;0.0250984;0.00261542
1368;1276;-1.95008;-6.24839;6.54563;-0.0112986;0.0205862;-0.000133652
1391;1276;-2.32888;-6.37569;6.78772;-0.0125112;0.0213604;-0.00139399
1414;1276;-2.5295;-6.39858;6.88042;-0.00740326;0.0231829;0.00182722
1437;1276;-2.67082;-6.27099;6.81605;-0.00649473;0.0220237;0.0029107
1460;1276;-2.82944;-6.26171;6.8713;-0.0108127;0.0247311;0.00011757
1483;1276;-3.17107;-6.3871;7.13097;-0.0114562;0.0228781;0.000269473
1506;1276;-3.3595;-6.31468;7.15273;-0.0086181;0.0216182;0.000474194
1529;1276;-3.56931;-6.47571;7.39424;-0.00619945;0.0231734;0.0017364
1552;1276;-3.64559;-6.36282;7.3332;-0.00386805;0.0225902;0.00314437
1575;1276;-3.74782;-6.32772;7.35434;-0.00700153;0.0223037;0.000673478
1598;1276;-3.96905;-6.51497;7.62878;-0.00863177;0.0208806;-0.00193593
1621;1276;-4.14791;-6.6709;7.85532;-0.007723;0.0268729;-0.00230385
655;1299;4.25394;-6.56639;7.8239;-0.0022761;0.0229956;0.00386033
678;1299;4.19985;-6.28868;7.56216;-0.00486754;0.0194872;0.0017018
701;1299;4.02752;-6.14248;7.34514;-0.00796024;0.0219147;-0.00125837
724;1299;3.8316;-6.0539;7.16456;-0.00630552;0.0208044;-0.00249923
747;1299;3.73643;-6.0412;7.10331;-0.00492418;0.0216285;-0.00101634
770;1299;3.60441;-5.9508;6.95728;-0.00928218;0.0218048;-0.0010196
793;1299;3.30742;-5.98968;6.84217;-0.0109628;0.0209283;-2.36438e-05
816;1299;3.09714;-5.82042;6.59314;-0.00924326;0.0247776;0.000318153
839;1299;2.87963;-5.75202;6.43257;-0.0073621;0.022694;-0.00289603
862;1299;2.75723;-5.8121;6.43295;-0.00783038;0.0203474;-0.00353044
885;1299;2.51785;-5.87298;6.38995;-0.00831537;0.0210823;-0.00232272
908;1299;2.37303;-5.90246;6.36163;-0.0086266;0.020729;-0.00230847
931;1299;2.11927;-5.92752;6.29498;-0.0141249;0.0221399;-0.000135288
954;1299;1.71854;-5.81156;6.06033;-0.0124693;0.0230025;-0.000608753
977;1299;1.54202;-5.8673;6.06655;-0.00831551;0.021031;-0.00177583
1000;1299;1.33425;-5.93368;6.08184;-0.00649723;0.023355;-0.0014924
1023;1299;1.24217;-5.86917;5.99918;-0.00828537;0.0233839;-0.0010937
1046;1299;0.95147;-5.85618;5.93297;-0.0104923;0.0224498;-0.00249864
1069;1299;0.756843;-5.97451;6.02226;-0.00936099;0.01954;-0.00152672
1092;1299;0.518829;-5.84943;5.8724;-0.0101931;0.0210879;0.000152135
1115;1299;0.285447;-5.87974;5.88667;-0.00893864;0.0218048;-0.00165806
1138;1299;0.105709;-5.93905;5.93999;-0.00867805;0.022728;0.000290564
1161;1299;-0.115551;-5.80579;5.80694;-0.00803716;0.0231325;0.00033671
1184;1299;-0.265523;-5.89105;5.89703;-0.00791444;0.0214709;-0.00176506
1207;1299;-0.481261;-5.93861;5.95808;-0.00794474;0.0204214;0.00109081
1230;1299;-0.632475;-5.83822;5.87238;-0.00959499;0.0219245;0.00130324
1253;1299;-0.924773;-5.9179;5.98972;-0.0100101;0.0252697;0.000970561
1276;1299;-1.09531;-5.89775;5.9986;-0.0101649;0.0218037;0.000967143
1299;1299;-1.39477;-5.8979;6.06058;-0.0103404;0.0222437;-0.000964937
1322;1299;-1.57346;-5.92822;6.13348;-0.00704228;0.0253804;0.00348728
1345;1299;-1.72005;-5.76697;6.01802;-0.00877371;0.0193881;0.0024218
1368;1299;-1.97905;-5.78762;6.11664;-0.0110796;0.0212564;0.000135859
1391;1299;-2.23275;-5.89665;6.3052;-0.00901803;0.0231903;0.0028419
1414;1299;-2.39578;-5.81096;6.28546;-0.00727126;0.0226146;0.00399531
1437;1299;-2.56867;-5.75712;6.30416;-0.0101902;0.0220302;0.00282007
1460;1299;-2.86694;-5.8094;6.47831;-0.0105557;0.0204001;0.000644552
1483;1299;-3.05693;-5.8559;6.60579;-0.00830429;0.0249277;0.00355903
1506;1299;-3.25055;-5.85222;6.69437;-0.00681794;0.0222701;0.00296885
1529;1299;-3.37163;-5.87368;6.77259;-0.00571648;0.0233374;0.00284722
1552;1299;-3.51427;-5.85074;6.82505;-0.0050536;0.021765;0.00308336
1575;1299;-3.60469;-5.87433;6.89214;-0.00831462;0.0213168;8.83815e-05
1598;1299;-3.89898;-6.09258;7.23336;-0.00964489;0.021223;-0.000114118
1621;1299;-4.0507;-6.00384;7.24253;-0.00656709;0.0195186;0.00348998
655;1322;4.16533;-5.84112;7.17417;-0.00569828;0.0195162;-0.0035235
678;1322;4.03382;-5.89786;7.14538;-0.00761195;0.0214418;-0.000338791
701;1322;3.81333;-5.62646;6.79695;-0.00620206;0.0231889;-0.000953338
724;1322;3.74695;-5.64765;6.77758;-0.00293852;0.0185148;-0.00249
747;1322;3.67796;-5.62106;6.71742;-0.00510273;0.0199156;-0.00177471
770;1322;3.51152;-5.55126;6.56866;-0.0100464;0.0208879;-0.00234739
793;1322;3.21335;-5.51136;6.37971;-0.0123706;0.0214145;0.000121228
816;1322;2.93828;-5.31139;6.06996;-0.00957946;0.0236749;-0.00296065
839;1322;2.77034;-5.36983;6.04234;-0.00731301;0.0201493;-0.0050796
862;1322;2.60032;-5.48209;6.06753;-0.00860659;0.0194795;-0.00285436
885;1322;2.37271;-5.4026;5.90066;-0.00759929;0.0209022;-0.00267349
908;1322;2.24941;-5.51408;5.95524;-0.00841237;0.0218376;-0.00365103
931;1322;1.98407;-5.45672;5.80623;-0.0125491;0.0209296;-0.000810525
954;1322;1.6684;-5.4281;5.67871;-0.00976927;0.0192573;-0.000352986
977;1322;1.53245;-5.49718;5.70679;-0.00842326;0.0198188;4.92827e-05
1000;1322;1.27928;-5.41408;5.56317;-0.0089694;0.0200899;0.00126048
1023;1322;1.11783;-5.3791;5.49402;-0.0073684;0.0199928;-0.0023441
1046;1322;0.939075;-5.41115;5.49203;-0.00853057;0.0208905;-0.00224644
1069;1322;0.72356;-5.50663;5.55397;-0.00903642;0.0219677;-2.02096e-05
1092;1322;0.521501;-5.39457;5.41972;-0.00896387;0.0215878;0.000850995
1115;1322;0.309278;-5.42157;5.43039;-0.00934219;0.0211823;-0.000555557
1138;1322;0.0896439;-5.48515;5.48588;-0.00846237;0.0203474;0.000815985
1161;1322;-0.081681;-5.37049;5.37111;-0.00749507;0.0195493;0.00183916
1184;1322;-0.256531;-5.38982;5.39592;-0.00891661;0.0207183;-0.000972748
1207;1322;-0.493854;-5.4926;5.51475;-0.00769238;0.02249;0.000829261
1230;1322;-0.611755;-5.37223;5.40695;-0.00807601;0.0220093;0.00180371
1253;1322;-0.867039;-5.36572;5.43532;-0.00972193;0.0237654;0.000273775
1276;1322;-1.06122;-5.44964;5.552;-0.0109297;0.0229664;0.00114988
1299;1322;-1.37258;-5.35371;5.52686;-0.00944877;0.0240976;0.00403176
1322;1322;-1.49823;-5.28646;5.49467;-0.00764984;0.0240977;0.000303301
1345;1322;-1.72593;-5.44694;5.71384;-0.00661539;0.0190342;0.00107433
1368;1322;-1.80356;-5.281;5.58049;-0.00682107;0.0232468;0.00436204
1391;1322;-2.04094;-5.32191;5.69984;-0.0107949;0.0249851;0.00222635
1414;1322;-2.30292;-5.37036;5.8433;-0.0079964;0.0213414;0.00171245
1437;1322;-2.41029;-5.26924;5.79435;-0.00789688;0.0224159;0.00171044
1460;1322;-2.66764;-5.33297;5.96296;-0.00836374;0.0200233;0.00198748
1483;1322;-2.79665;-5.25587;5.9536;-0.00862658;0.0236494;0.00350745
1506;1322;-3.0662;-5.30234;6.12506;-0.0110351;0.0239564;0.00210518
1529;1322;-3.30737;-5.41516;6.34529;-0.00636128;0.0197535;0.000594607
1552;1322;-3.35981;-5.37317;6.33713;-0.00397472;0.0208789;0.00379571
1575;1322;-3.49061;-5.35809;6.3948;-0.0105091;0.0190647;-0.000114674
1598;1322;-3.84613;-5.54902;6.75162;-0.0111159;0.0199522;-0.00299001
1621;1322;-4.00679;-5.78185;7.0345;-0.00690959;0.00772153;-0.00322143
655;1345;4.04424;-5.6777;6.97081;-0.00407055;0.0156186;0.00380075
678;1345;3.94753;-5.31339;6.6193;-0.00776806;0.0213224;0.00461508
701;1345;3.68172;-5.08915;6.28128;-0.00760326;0.0200628;-0.000826358
724;1345;3.59633;-5.21055;6.33114;-0.0045153;0.0195638;-0.00268972
747;1345;3.47352;-5.13477;6.19929;-0.00699052;0.0206088;-0.00151375
770;1345;3.27315;-5.00096;5.97688;-0.00871576;0.0218703;-0.00266166
793;1345;3.07068;-5.01554;5.88087;-0.0128849;0.0222352;-0.00137898
816;1345;2.67586;-4.74585;5.44824;-0.0105113;0.0189156;-0.00129541
839;1345;2.58423;-4.83523;5.48249;-0.00324417;0.0216683;-0.0055963
862;1345;2.52604;-4.92518;5.53518;-0.00609536;0.0211107;-0.0048194
885;1345;2.3029;-4.92181;5.43393;-0.00943327;0.0210468;-0.00262802
908;1345;2.09004;-4.90952;5.33588;-0.00753691;0.0260259;-0.00412427
931;1345;1.95486;-4.97491;5.34521;-0.00785268;0.0216774;-0.00272062
954;1345;1.72738;-4.9341;5.22773;-0.00914636;0.0216731;-0.000804951
977;1345;1.53218;-4.9645;5.19556;-0.00860504;0.0240109;-0.00235528
1000;1345;1.32975;-5.01865;5.19183;-0.0110317;0.0195905;-0.000313157
1023;1345;1.02189;-4.95903;5.06323;-0.00984892;0.0205981;0.00023202
1046;1345;0.874303;-4.90511;4.98242;-0.00615532;0.0208254;-0.00104734
1069;1345;0.737869;-4.97486;5.02929;-0.0078843;0.0209491;-0.000301709
1092;1345;0.510168;-4.86689;4.89355;-0.00888673;0.0200882;0.000208588
1115;1345;0.327208;-4.91548;4.92636;-0.00824991;0.0206396;-0.00175953
1138;1345;0.128862;-5.01241;5.01406;-0.00801514;0.0212146;0.000175119
1161;1345;-0.0429783;-4.9152;4.91539;-0.00777183;0.0205594;0.00104491
1184;1345;-0.230088;-4.94769;4.95304;-0.00821637;0.0211741;0.000620312
1207;1345;-0.422497;-4.91549;4.93361;-0.00791737;0.0225009;0.00180213
1230;1345;-0.595875;-4.83671;4.87327;-0.00858811;0.0212431;0.000924615
1253;1345;-0.819328;-4.8375;4.90639;-0.00876303;0.0200018;0.000536292
1276;1345;-1.00076;-4.85325;4.95536;-0.00800261;0.0226601;0.00220186
1299;1345;-1.18895;-4.8029;4.94787;-0.00970015;0.021381;0.0037163
1322;1345;-1.44916;-4.83293;5.04552;-0.00945695;0.0193268;0.000673245
1345;1345;-1.62615;-4.89967;5.16248;-0.00551707;0.0241726;0.00364783
1368;1345;-1.70376;-4.73123;5.02865;-0.00664649;0.0221852;0.00319898
1391;1345;-1.93311;-4.76229;5.13968;-0.0126855;0.0213527;0.00127819
1414;1345;-2.29117;-4.83963;5.35457;-0.0111428;0.0208711;0.00298153
1437;1345;-2.44858;-4.73744;5.33281;-0.00876757;0.0200514;0.00179143
1460;1345;-2.6963;-4.89768;5.59083;-0.00681243;0.0187245;0.00163183
1483;1345;-2.76304;-4.78152;5.52244;-0.00419367;0.0198699;0.00338621
1506;1345;-2.88981;-4.7645;5.57238;-0.0103899;0.0212097;0.000953905
1529;1345;-3.2439;-4.97399;5.93831;-0.00719438;0.0189494;0.000698589
1552;1345;-3.22215;-4.90104;5.86536;-0.0041297;0.0185528;0.00162876
1575;1345;-3.43427;-5.00587;6.07066;-0.0111785;0.0173975;-0.0012394
1598;1345;-3.74015;-5.18402;6.3924;-0.00947155;0.0172289;-0.00373634
1621;1345;-3.8766;-5.65034;6.85233;-0.00570952;0.0144778;-0.00933603
655;1368;3.77346;-5.12983;6.36822;0.00363591;0.0170419;-0.000495722
678;1368;3.85605;-4.92761;6.25703;-0.00305032;0.0173024;0.0016155
701;1368;3.63103;-4.713;5.94952;-0.00673037;0.0169206;-0.00098053
724;1368;3.54508;-4.75679;5.93251;-0.00668815;0.0210882;-0.00302489
747;1368;3.32233;-4.68397;5.7426;-0.00872333;0.0202125;8.78282e-06
770;1368;3.14161;-4.55745;5.53535;-0.0108383;0.0185386;-0.00114521
793;1368;2.82068;-4.50131;5.31206;-0.0110103;0.0192368;-0.00293608
816;1368;2.63219;-4.45035;5.1705;-0.00829061;0.0147538;0.000663647
839;1368;2.43757;-4.38483;5.01682;-0.00842063;0.0192974;-0.00254701
862;1368;2.24314;-4.52239;5.04814;-0.0070412;0.0190966;-0.00475341
885;1368;2.11248;-4.44515;4.92158;-0.00694928;0.0200001;-0.00107108
908;1368;1.92196;-4.33321;4.74032;-0.00769607;0.0225406;-0.00386808
931;1368;1.75708;-4.47069;4.80358;-0.00734055;0.0219335;-0.00448648
954;1368;1.58292;-4.44179;4.71541;-0.00770607;0.0211032;-0.00167396
977;1368;1.40118;-4.40581;4.62326;-0.00732803;0.022203;-0.00314701
1000;1368;1.24451;-4.52159;4.68973;-0.00820051;0.0206542;-0.00240951
1023;1368;1.02238;-4.44125;4.5574;-0.0083582;0.0218366;-0.000581989
1046;1368;0.858378;-4.46302;4.54482;-0.0079248;0.0203442;-0.00192079
1069;1368;0.656251;-4.55291;4.59996;-0.008197;0.0202777;-0.00156884
1092;1368;0.479755;-4.47963;4.50524;-0.00780441;0.019114;0.000202221
1115;1368;0.295781;-4.48175;4.4915;-0.00810042;0.0203117;-0.000534503
1138;1368;0.105597;-4.51942;4.52065;-0.00751724;0.0213719;0.000382024
1161;1368;-0.051346;-4.43429;4.43459;-0.00659109;0.0207936;0.00101999
1184;1368;-0.198695;-4.42595;4.4304;-0.0084365;0.0211481;-0.000371201
1207;1368;-0.441089;-4.46897;4.49069;-0.00882092;0.019691;0.000632511
1230;1368;-0.606267;-4.40521;4.44673;-0.00777714;0.0194162;-8.87567e-05
1253;1368;-0.800242;-4.45471;4.52602;-0.00620677;0.019649;0.000393648
1276;1368;-0.892672;-4.41912;4.50838;-0.00537617;0.0190884;0.00234364
1299;1368;-1.04827;-4.3816;4.50525;-0.00959389;0.0197857;0.00203903
1322;1368;-1.33613;-4.40614;4.60427;-0.00962469;0.019253;0.00287289
1345;1368;-1.49317;-4.3487;4.5979;-0.00676571;0.0214102;0.00405585
1368;1368;-1.64861;-4.27182;4.5789;-0.00685749;0.0201544;0.00161708
1391;1368;-1.8097;-4.35052;4.71191;-0.0087075;0.0197946;0.000731001
1414;1368;-2.05116;-4.42078;4.87345;-0.00810986;0.0206013;0.00409787
1437;1368;-2.18428;-4.35649;4.87341;-0.00909045;0.0217986;0.00436857
1460;1368;-2.47128;-4.47997;5.11638;-0.00943113;0.022208;0.00451381
1483;1368;-2.62018;-4.35109;5.0791;-0.00666082;0.0198588;0.00599957
1506;1368;-2.77892;-4.3377;5.15151;-0.010421;0.0210022;0.00235276
1529;1368;-3.10251;-4.55205;5.50878;-0.00860231;0.0214798;0.00237399
1552;1368;-3.17674;-4.52787;5.53112;-0.00460426;0.0170601;0.000922649
1575;1368;-3.3148;-4.56498;5.64154;-0.00766671;0.0192495;-0.000381913
1598;1368;-3.53138;-4.76426;5.93033;-0.0129786;0.0192679;-0.0023015
1621;1368;-3.91914;-5.12071;6.44836;-0.0165969;0.0256653;-0.00623242
655;1391;3.589;-4.90256;6.07586;0.00372045;0.0182853;0.0049335
678;1391;3.67133;-4.52506;5.82708;-0.00367247;0.0185397;0.00300986
701;1391;3.41603;-4.31803;5.50588;-0.00831709;0.0189692;-0.000796759
724;1391;3.28632;-4.25153;5.37359;-0.00318405;0.0232517;-0.00454897
747;1391;3.26921;-4.21465;5.33395;-0.00666576;0.0218525;-0.00362524
770;1391;2.97857;-4.15687;5.11385;-0.0125716;0.0221609;-0.00467468
793;1391;2.68718;-4.14056;4.93611;-0.00780051;0.0181741;-0.00240144
816;1391;2.61825;-4.07215;4.84124;-0.00574109;0.0202477;-0.00112073
839;1391;2.42195;-3.95624;4.63871;-0.0101813;0.0193464;-0.00172508
862;1391;2.1475;-4.0565;4.58987;-0.00892786;0.0224753;-0.00273707
885;1391;2.00939;-4.01174;4.48684;-0.00843077;0.019931;-0.000538851
908;1391;1.75772;-3.88526;4.26436;-0.00776494;0.0177478;-0.0021884
931;1391;1.65079;-3.97779;4.30673;-0.00546775;0.0201861;-0.00312647
954;1391;1.50542;-3.97391;4.2495;-0.00710743;0.0200238;-0.00248927
977;1391;1.32267;-3.95472;4.17005;-0.00785179;0.02041;-0.00298512
1000;1391;1.14269;-4.07854;4.23559;-0.00898354;0.0207472;-0.00182975
1023;1391;0.907556;-3.96542;4.06795;-0.00718232;0.0210081;-0.000941065
1046;1391;0.810999;-3.97865;4.06047;-0.00645851;0.0201373;-0.00292925
1069;1391;0.609418;-4.05154;4.09711;-0.00769088;0.0206589;-0.00105655
1092;1391;0.455844;-3.99592;4.02184;-0.00630232;0.0210607;0.000179119
1115;1391;0.318551;-3.99045;4.00314;-0.00737219;0.020926;-0.00087479
1138;1391;0.115443;-4.03959;4.04123;-0.00786208;0.0214349;0.000144276
1161;1391;-0.044543;-3.96844;3.96869;-0.00745534;0.0207505;0.000835786
1184;1391;-0.228823;-3.98495;3.99151;-0.00737578;0.0201574;-0.00014804
1207;1391;-0.385117;-4.01846;4.03687;-0.00844066;0.0198015;0.00188618
1230;1391;-0.618758;-3.95207;4.00022;-0.00830071;0.019919;0.00232788
1253;1391;-0.768611;-3.94239;4.01661;-0.00520597;0.0208063;0.00169144
1276;1391;-0.85887;-3.98362;4.07516;-0.00529604;0.0198111;0.00156688
1299;1391;-1.01289;-3.90192;4.03124;-0.00773617;0.0201783;0.00146168
1322;1391;-1.21613;-3.95624;4.13893;-0.00813317;0.0206075;0.00254735
1345;1391;-1.38856;-3.92573;4.16407;-0.00727176;0.0198214;0.00450025
1368;1391;-1.55208;-3.81353;4.11727;-0.00700652;0.0192136;0.00331216
1391;1391;-1.71204;-3.8611;4.22364;-0.00763936;0.0202973;0.00140882
1414;1391;-1.90493;-3.90313;4.34317;-0.00584716;0.0224106;0.00384923
1437;1391;-1.98194;-3.74772;4.23952;-0.00817714;0.0240791;0.00385418
1460;1391;-2.28263;-3.88903;4.50943;-0.00803855;0.023327;0.00228507
1483;1391;-2.3534;-3.8787;4.53683;-0.00392829;0.0199049;0.00419811
1506;1391;-2.46376;-3.81027;4.53743;-0.010254;0.0195676;0.0020136
1529;1391;-2.82769;-3.99816;4.89705;-0.0142197;0.0225322;0.00161932
1552;1391;-3.12366;-4.12297;5.17263;-0.008637;0.0182806;0.00174749
1575;1391;-3.22691;-4.12922;5.24055;-0.00556736;0.0194964;0.00194292
1598;1391;-3.38085;-4.30745;5.47579;-0.0105528;0.0188609;-0.000186848
1621;1391;-3.71632;-4.48478;5.82445;-0.0144495;0.0253206;-0.000410665
655;1414;3.45981;-4.29731;5.51699;0.00338318;0.0215395;0.00153463
678;1414;3.5365;-4.08363;5.40212;-0.00393849;0.0191204;0.000782688
701;1414;3.2761;-3.84988;5.05514;-0.0111495;0.0198212;0.000936324
724;1414;3.01914;-3.7023;4.77726;-0.00836937;0.0193141;-0.00187369
747;1414;2.88921;-3.6915;4.68772;-0.00843232;0.0207253;-0.00361176
770;1414;2.62935;-3.55189;4.41921;-0.00818648;0.0210581;-0.00501636
793;1414;2.51107;-3.67378;4.44996;-0.006284;0.0204001;-0.00303133
816;1414;2.33937;-3.52911;4.23406;-0.00541258;0.0216594;-0.0033539
839;1414;2.2611;-3.50368;4.16993;-0.00635055;0.0191482;-0.00425936
862;1414;2.0463;-3.50031;4.05457;-0.0081127;0.0222964;-0.00369429
885;1414;1.88638;-3.53783;4.00932;-0.00784031;0.0197239;-0.00332032
908;1414;1.68422;-3.52454;3.90627;-0.00709625;0.0163893;-0.00462141
931;1414;1.55878;-3.55174;3.87874;-0.00770164;0.018625;-0.00368693
954;1414;1.32857;-3.53042;3.77213;-0.00707814;0.0204733;-0.00251412
977;1414;1.23196;-3.47665;3.68847;-0.00526604;0.0185613;-0.00373149
1000;1414;1.08566;-3.57719;3.73831;-0.00864689;0.0193358;-0.00160261
1023;1414;0.832472;-3.4852;3.58324;-0.00887595;0.0189014;-0.000489942
1046;1414;0.675532;-3.54621;3.60997;-0.00555504;0.0194039;-0.00306591
1069;1414;0.57605;-3.61229;3.65793;-0.00524588;0.0207871;-0.000290484
1092;1414;0.433578;-3.52085;3.54745;-0.00685401;0.0201528;-7.86977e-05
1115;1414;0.259602;-3.52904;3.53858;-0.00730462;0.0201329;-0.00108278
1138;1414;0.0963239;-3.54376;3.54507;-0.00627662;0.0193302;0.000494143
1161;1414;-0.0300516;-3.48948;3.48961;-0.00557842;0.0191894;0.000614095
1184;1414;-0.161017;-3.50788;3.51158;-0.00584731;0.0207601;0.000392942
1207;1414;-0.299885;-3.56716;3.57974;-0.00666265;0.02083;0.00141727
1230;1414;-0.468528;-3.49808;3.52932;-0.00674927;0.0206782;0.00365953
1253;1414;-0.611445;-3.50775;3.56065;-0.00694741;0.018122;0.00141745
1276;1414;-0.78923;-3.51678;3.60425;-0.0071359;0.0201466;0.00256827
1299;1414;-0.940898;-3.4627;3.58826;-0.00620007;0.018967;0.00257529
1322;1414;-1.07535;-3.46849;3.63136;-0.00610688;0.0193235;0.00256778
1345;1414;-1.22268;-3.44655;3.657;-0.00720552;0.0200372;0.00313352
1368;1414;-1.40806;-3.39694;3.67721;-0.00788826;0.0200967;0.00402572
1391;1414;-1.58699;-3.42667;3.77632;-0.00873216;0.0211736;0.00380062
1414;1414;-1.81151;-3.40181;3.85407;-0.00550714;0.0241379;0.00652311
1437;1414;-1.84131;-3.26313;3.74679;-0.0067756;0.0171956;0.00296078
1460;1414;-2.12426;-3.42044;4.02639;-0.0101951;0.0191369;0.00183914
1483;1414;-2.31306;-3.4454;4.14982;-0.0074597;0.0171655;0.00256032
1506;1414;-2.4687;-3.44725;4.24005;-0.00680114;0.0179975;0.00102907
1529;1414;-2.62706;-3.52939;4.39978;-0.00888612;0.0200171;0.00180932
1552;1414;-2.87997;-3.69545;4.68514;-0.00690306;0.0197342;0.00301392
1575;1414;-2.94595;-3.67817;4.71249;-0.00654823;0.0179558;0.00267263
1598;1414;-3.18266;-3.90599;5.03846;-0.0138523;0.017357;0.000412875
1621;1414;-3.58858;-3.9715;5.35264;-0.0174888;0.0143097;0.00235808
655;1437;3.29471;-3.92311;5.12308;-0.000314903;0.0190363;0.00299088
678;1437;3.28591;-3.65536;4.91517;-0.00394835;0.0241957;-0.00401928
701;1437;3.10992;-3.41612;4.61968;-0.00726334;0.0201209;-0.00254304
724;1437;2.9497;-3.37271;4.48061;-0.00715689;0.017763;-0.00261637
747;1437;2.77929;-3.27352;4.29423;-0.00982876;0.0207067;-0.00347116
770;1437;2.495;-3.20068;4.05825;-0.00857408;0.0181939;-0.00396159
793;1437;2.38314;-3.21253;3.99996;-0.00782888;0.0204523;-0.0027139
816;1437;2.13332;-3.08888;3.75396;-0.00833288;0.0195358;-0.00355514
839;1437;1.99804;-3.08561;3.67603;-0.00635519;0.0194507;-0.0056115
862;1437;1.84002;-3.04305;3.5561;-0.00588778;0.0194017;-0.00575538
885;1437;1.72639;-3.11407;3.5606;-0.0107284;0.0198635;-0.00617697
908;1437;1.34374;-3.13926;3.41476;-0.00890345;0.019146;-0.00438278
931;1437;1.31499;-3.13007;3.39508;-0.0032193;0.0190004;-0.00363039
954;1437;1.19531;-3.04261;3.26898;-0.0062748;0.019061;-0.00343066
977;1437;1.02543;-3.10962;3.27434;-0.00417148;0.0180005;-0.00566882
1000;1437;1.00275;-3.19774;3.35128;-0.00423461;0.0200514;-0.00311932
1023;1437;0.830227;-3.10409;3.2132;-0.00747251;0.0188507;0.000466063
1046;1437;0.657609;-3.09482;3.16392;-0.00593205;0.0204323;-0.00105048
1069;1437;0.556539;-3.1051;3.15458;-0.00638275;0.0203188;-0.00103934
1092;1437;0.363056;-3.07814;3.09948;-0.00681992;0.0182202;-0.000758373
1115;1437;0.241734;-3.07353;3.08302;-0.00525497;0.0200533;-0.00116443
1138;1437;0.120618;-3.15883;3.16113;-0.00577063;0.0195729;8.357e-05
1161;1437;-0.0244894;-3.09404;3.09414;-0.00505626;0.0167927;0.0015966
1184;1437;-0.112716;-3.03984;3.04193;-0.00519132;0.0192829;0.00103315
1207;1437;-0.263919;-3.07021;3.08153;-0.0049463;0.0209302;0.00148616
1230;1437;-0.34082;-3.01133;3.03056;-0.00766996;0.020553;0.0015157
1253;1437;-0.618125;-3.11644;3.17714;-0.00706857;0.019298;0.00144905
1276;1437;-0.667165;-3.06642;3.13816;-0.00446387;0.0205259;0.00369945
1299;1437;-0.82399;-3.03794;3.1477;-0.00710137;0.0203762;0.00249911
1322;1437;-0.994997;-3.0763;3.23321;-0.00752967;0.0205364;0.00340336
1345;1437;-1.17168;-3.01357;3.23333;-0.00442194;0.0178429;0.00434558
1368;1437;-1.1992;-2.89951;3.13771;-0.00395868;0.018575;0.00470675
1391;1437;-1.35428;-2.89857;3.19934;-0.00586402;0.0216595;0.00500545
1414;1437;-1.46983;-2.80788;3.16932;-0.00724053;0.0206477;0.00472465
1437;1437;-1.68861;-2.96433;3.41155;-0.00981464;0.0166444;0.00107729
1460;1437;-1.92403;-3.01837;3.57945;-0.00865353;0.0210702;0.00360103
1483;1437;-2.0886;-3.0965;3.73504;-0.00775918;0.0188372;0.00488956
1506;1437;-2.28236;-2.99005;3.76159;-0.00684041;0.0192255;0.00610176
1529;1437;-2.40434;-3.08832;3.91389;-0.00884609;0.0209832;0.00270838
1552;1437;-2.6917;-3.22597;4.20144;-0.00776979;0.0230005;0.00361643
1575;1437;-2.7637;-3.31283;4.31426;-0.00751706;0.017858;0.00100352
1598;1437;-3.03972;-3.51708;4.64864;-0.0128193;0.0181846;-0.00172174
1621;1437;-3.3602;-3.83254;5.09699;-0.0137425;0.0141048;4.56793e-06
655;1460;3.18929;-3.4306;4.68408;-0.0232401;0.0136824;0.00763668
678;1460;2.64413;-2.99224;3.9931;-0.00944582;0.0210651;-0.00212701
701;1460;2.75003;-2.9364;4.02307;-0.000293214;0.019972;-0.00674488
724;1460;2.63053;-2.89395;3.91083;-0.00780152;0.0199409;-0.00598782
747;1460;2.38937;-2.75131;3.64401;-0.00932826;0.020108;-0.00524749
770;1460;2.1991;-2.72443;3.50122;-0.00531004;0.0209619;-0.00657002
793;1460;2.14446;-2.74384;3.48243;-0.006931;0.0208865;-0.0054195
816;1460;1.87908;-2.64134;3.24155;-0.0097298;0.0203236;-0.00404168
839;1460;1.69452;-2.62091;3.12099;-0.00728269;0.0205419;-0.00548803
862;1460;1.54284;-2.61903;3.03968;-0.00614306;0.0192209;-0.00576017
885;1460;1.41106;-2.63541;2.9894;-0.00539879;0.0214194;-0.00652772
908;1460;1.29381;-2.65372;2.95232;-0.00620062;0.0227384;-0.00332003
931;1460;1.12492;-2.68788;2.91378;-0.00658318;0.0198565;-0.00297248
954;1460;0.989981;-2.66304;2.8411;-0.00559524;0.0166228;-0.00285837
977;1460;0.866801;-2.65737;2.79517;-0.00429916;0.0197556;-0.00209427
1000;1460;0.791792;-2.66481;2.77996;-0.00210113;0.0211511;-0.00331637
1023;1460;0.770037;-2.62613;2.7367;-0.00460715;0.0190066;-0.00124445
1046;1460;0.579346;-2.61583;2.67922;-0.00665826;0.0196023;-0.00238516
1069;1460;0.46269;-2.68707;2.72661;-0.00538357;0.0186884;-0.00221858
1092;1460;0.330972;-2.69033;2.71061;-0.00494425;0.0188701;0.000354729
1115;1460;0.234633;-2.61566;2.62617;-0.00446546;0.0195178;0.00032285
1138;1460;0.125084;-2.65205;2.655;-0.00517154;0.0192927;-0.00122784
1161;1460;-0.00400306;-2.7234;2.7234;-0.00466211;0.0189237;0.000726887
1184;1460;-0.0898813;-2.62932;2.63085;-0.00406963;0.0182929;0.00147288
1207;1460;-0.191718;-2.61436;2.62138;-0.00413363;0.0181466;0.00183907
1230;1460;-0.280471;-2.56254;2.57784;-0.00496405;0.0185675;0.00134596
1253;1460;-0.420636;-2.62884;2.66228;-0.00536217;0.0205453;0.00280301
1276;1460;-0.5278;-2.58281;2.63619;-0.00603482;0.019548;0.003503
1299;1460;-0.699176;-2.53538;2.63002;-0.00557306;0.0196892;0.00365522
1322;1460;-0.784905;-2.53422;2.65299;-0.00655536;0.0182009;0.00183238
1345;1460;-1.00182;-2.63349;2.81761;-0.00662979;0.0182215;0.00345993
1368;1460;-1.0909;-2.55135;2.77479;-0.00467788;0.0167303;0.00527786
1391;1460;-1.21791;-2.44234;2.72916;-0.00466503;0.0168507;0.00482258
1414;1460;-1.30607;-2.46434;2.78905;-0.00665504;0.0155033;0.00285325
1437;1460;-1.52511;-2.50482;2.93259;-0.00753398;0.0209624;0.00476949
1460;1460;-1.65395;-2.46357;2.96727;-0.00787264;0.0189944;0.00459965
1483;1460;-1.88877;-2.58882;3.20459;-0.00558791;0.0212941;0.00384589
1506;1460;-1.91185;-2.57453;3.20677;-0.00528866;0.0202203;0.00542325
1529;1460;-2.13269;-2.57668;3.3448;-0.00868609;0.0207976;0.00564782
1552;1460;-2.31323;-2.65274;3.51966;-0.0091059;0.0211182;0.00384959
1575;1460;-2.5544;-2.86555;3.83879;-0.0106365;0.0204245;0.0015521
1598;1460;-2.80713;-3.07847;4.16617;-0.00828382;0.0194138;0.00115406
1621;1460;-2.93943;-3.33171;4.44304;-0.00567503;0.0232614;0.00328017
655;1483;3.10412;-3.29836;4.52932;-0.0222334;0.0129122;0.00783263
678;1483;2.57902;-2.70169;3.73503;-0.0152801;0.0136948;0.00489115
701;1483;2.38896;-2.51194;3.46655;-0.00810127;0.0171393;-0.00535581
724;1483;2.20425;-2.47032;3.31077;-0.0058798;0.0195718;-0.00637722
747;1483;2.11744;-2.36234;3.17241;-0.0070201;0.0198363;-0.00461527
770;1483;1.87966;-2.25036;2.93211;-0.00696853;0.0212571;-0.00654162
793;1483;1.79566;-2.26525;2.89064;-0.00538557;0.0210056;-0.0075764
816;1483;1.63117;-2.16599;2.7115;-0.00712722;0.0197783;-0.00569666
839;1483;1.46649;-2.15321;2.60517;-0.00670569;0.0183231;-0.0063522
862;1483;1.32167;-2.17009;2.54089;-0.00667973;0.0190278;-0.00392739
885;1483;1.15819;-2.14255;2.43555;-0.00501485;0.0197259;-0.0041497
908;1483;1.09036;-2.10561;2.37117;-0.00236339;0.0179975;-0.00554607
931;1483;1.04927;-2.22632;2.46119;-0.00412924;0.0201077;-0.00511143
954;1483;0.89967;-2.28515;2.45587;-0.00467439;0.017341;-0.00182451
977;1483;0.833741;-2.21006;2.36209;-0.0050869;0.018545;-0.000954313
1000;1483;0.665049;-2.23608;2.33289;-0.00365985;0.0179321;-0.00232227
1023;1483;0.66507;-2.23823;2.33495;-0.00359789;0.0185937;-0.00206425
1046;1483;0.499234;-2.20205;2.25793;-0.00514868;0.0173695;-0.00214437
1069;1483;0.427615;-2.2535;2.29371;-0.00382918;0.0186682;-0.00152582
1092;1483;0.322751;-2.21817;2.24153;-0.00423418;0.0179628;7.18488e-05
1115;1483;0.232376;-2.18431;2.19664;-0.00445254;0.0183717;-0.00086401
1138;1483;0.117435;-2.27976;2.28279;-0.00461811;0.0175921;-0.000751215
1161;1483;0.0194264;-2.23165;2.23174;-0.00445737;0.0196237;0.00119911
1184;1483;-0.0881228;-2.20593;2.20769;-0.00394231;0.0192155;0.000183815
1207;1483;-0.16228;-2.24302;2.24888;-0.00246255;0.0187993;0.00148746
1230;1483;-0.201558;-2.16522;2.17458;-0.00381306;0.0171277;0.00175405
1253;1483;-0.338058;-2.1817;2.20774;-0.00514349;0.0191175;0.00151514
1276;1483;-0.438771;-2.17639;2.22018;-0.00428563;0.0174433;0.00257973
1299;1483;-0.535639;-2.14187;2.20783;-0.00619659;0.0160369;0.00155214
1322;1483;-0.724758;-2.24733;2.3613;-0.00645752;0.0163973;0.00217675
1345;1483;-0.833669;-2.18411;2.3378;-0.00394203;0.0196938;0.00520181
1368;1483;-0.906583;-2.13716;2.3215;-0.00355235;0.0204599;0.00558696
1391;1483;-0.997399;-2.13123;2.35307;-0.0050979;0.0163567;0.00507559
1414;1483;-1.1417;-2.10132;2.39145;-0.00541379;0.0168863;0.00572145
1437;1483;-1.24727;-2.01203;2.36727;-0.00584151;0.0183371;0.00388726
1460;1483;-1.41123;-2.15558;2.57645;-0.00804192;0.0178834;0.00512838
1483;1483;-1.61885;-2.12953;2.67499;-0.00826747;0.0210012;0.00836338
1506;1483;-1.7932;-2.07168;2.73997;-0.00392296;0.0215711;0.00529452
1529;1483;-1.79966;-2.14527;2.80017;-0.00526953;0.0194856;0.00509025
1552;1483;-2.03666;-2.26914;3.0491;-0.00822765;0.020492;0.0048642
1575;1483;-2.18034;-2.38633;3.2324;-0.00898983;0.0210705;0.00393998
1598;1483;-2.45355;-2.63622;3.60133;-0.00765684;0.0207261;0.00350058
1621;1483;-2.53563;-2.7819;3.76409;-0.00354205;0.0224086;0.00336282
655;1506;2.68991;-2.84311;3.91393;-0.0169568;0.0310194;-0.00360542
678;1506;2.29154;-2.36786;3.29514;-0.0144318;0.0213628;-0.000834108
701;1506;2.01604;-2.16039;2.95495;-0.00872622;0.020447;-0.00463351
724;1506;1.88695;-2.00818;2.75561;-0.00604901;0.0217128;-0.00528004
747;1506;1.7359;-1.85227;2.53856;-0.00850848;0.0214813;-0.00592689
770;1506;1.49322;-1.76208;2.30968;-0.00820091;0.0226477;-0.00714229
793;1506;1.35706;-1.79412;2.24956;-0.00557257;0.0218706;-0.0079718
816;1506;1.23616;-1.74477;2.13829;-0.00534865;0.0191855;-0.00747163
839;1506;1.11036;-1.78927;2.1058;-0.0014772;0.0197028;-0.00656026
862;1506;1.16815;-1.75342;2.10691;-0.00323494;0.0200275;-0.00463886
885;1506;0.961287;-1.73895;1.98696;-0.00650606;0.0177771;-0.00580953
908;1506;0.867822;-1.83509;2.02995;-0.00270708;0.0162488;-0.00447169
931;1506;0.83658;-1.77293;1.96039;-0.00137051;0.0179002;-0.00449555
954;1506;0.804721;-1.87252;2.03811;-0.00235007;0.0197421;-0.0033544
977;1506;0.728332;-1.81227;1.95315;-0.00430768;0.018315;-0.00300901
1000;1506;0.606132;-1.84757;1.94446;-0.00398473;0.0181953;-0.00153599
1023;1506;0.544656;-1.77917;1.86067;-0.00454343;0.017903;-0.00271688
1046;1506;0.396651;-1.82401;1.86664;-0.00447614;0.018521;-0.00228561
1069;1506;0.338255;-1.83637;1.86726;-0.00281633;0.0194701;-0.00174611
1092;1506;0.266893;-1.87138;1.89031;-0.00261476;0.0185336;-0.000222674
1115;1506;0.217781;-1.77819;1.79148;-0.00353382;0.0180139;-0.000203415
1138;1506;0.104044;-1.84982;1.85274;-0.0040471;0.0192532;-0.000564966
1161;1506;0.0312077;-1.82941;1.82968;-0.00358525;0.018952;0.00129473
1184;1506;-0.0612751;-1.75375;1.75482;-0.00276262;0.0185965;0.00174056
1207;1506;-0.096105;-1.75767;1.7603;-0.00260082;0.0198895;0.0010327
1230;1506;-0.181077;-1.78141;1.79059;-0.0037532;0.0185617;0.000913617
1253;1506;-0.269077;-1.75793;1.7784;-0.00323519;0.01878;0.00191271
1276;1506;-0.330138;-1.78772;1.81795;-0.00463861;0.0183284;0.00177862
1299;1506;-0.482973;-1.80401;1.86754;-0.00455474;0.0174238;0.0024688
1322;1506;-0.540135;-1.78667;1.86653;-0.00327918;0.0195401;0.0047699
1345;1506;-0.634112;-1.73777;1.84985;-0.00192794;0.0180644;0.00623622
1368;1506;-0.629202;-1.6219;1.73968;-0.00327804;0.018608;0.00472079
1391;1506;-0.785167;-1.69799;1.87074;-0.00583961;0.0174861;0.00320721
1414;1506;-0.898672;-1.69579;1.9192;-0.00703229;0.0163189;0.00553004
1437;1506;-1.10981;-1.67075;2.00576;-0.0034518;0.0156066;0.00502076
1460;1506;-1.05775;-1.65195;1.96158;-0.00194205;0.0186192;0.00684113
1483;1506;-1.19924;-1.63776;2.02989;-0.00755635;0.0190393;0.00788864
1506;1506;-1.4067;-1.59545;2.12704;-0.00564278;0.0189256;0.00793127
1529;1506;-1.45958;-1.69374;2.23587;-0.00449267;0.0178086;0.00489704
1552;1506;-1.61401;-1.72478;2.36218;-0.00758841;0.0204528;0.00603918
1575;1506;-1.8105;-1.9122;2.63333;-0.00994746;0.0221638;0.00418088
1598;1506;-2.07579;-2.14045;2.98168;-0.0111929;0.0235814;0.00502853
1621;1506;-2.33008;-2.31616;3.28541;-0.0109658;0.017937;0.00306636
655;1529;1.77019;-1.9117;2.60541;0.00105354;0.0281369;-0.0108859
678;1529;1.79373;-1.73584;2.49612;-0.00391224;0.0242839;-0.00691856
701;1529;1.58872;-1.58763;2.24602;-0.00853226;0.0240419;-0.00748173
724;1529;1.39889;-1.48905;2.04308;-0.00594532;0.0237349;-0.0083608
747;1529;1.314;-1.39146;1.91383;-0.00522452;0.0208514;-0.00650101
770;1529;1.15717;-1.22566;1.68561;-0.00592818;0.0187963;-0.00616719
793;1529;1.04034;-1.27605;1.64639;-0.00481476;0.0194657;-0.00758267
816;1529;0.935105;-1.29694;1.5989;-0.00367695;0.0178103;-0.00585347
839;1529;0.87089;-1.25942;1.5312;-0.00202103;0.0190609;-0.00475809
862;1529;0.842029;-1.26033;1.51573;-0.00362318;0.0178003;-0.00717318
885;1529;0.70386;-1.33415;1.50843;-0.00281007;0.0185662;-0.00584607
908;1529;0.712462;-1.36567;1.54034;-0.000663757;0.0195283;-0.00493923
931;1529;0.673251;-1.41166;1.56398;-0.0017791;0.0174036;-0.00408831
954;1529;0.630546;-1.38657;1.52321;-0.00310468;0.0200202;-0.00370159
977;1529;0.5302;-1.37613;1.47474;-0.00306488;0.0195732;-0.00374841
1000;1529;0.48934;-1.40691;1.48958;-0.00304508;0.0195065;-0.00332159
1023;1529;0.389889;-1.42274;1.4752;-0.00309946;0.0183072;-0.00186129
1046;1529;0.346518;-1.35808;1.40159;-0.00162734;0.0205835;-0.000786549
1069;1529;0.314936;-1.36656;1.40238;-0.00225192;0.0203774;-0.00114437
1092;1529;0.24281;-1.37345;1.39475;-0.00267822;0.021063;-0.000665229
1115;1529;0.191572;-1.36302;1.37642;-0.00271686;0.0185209;-0.000799924
1138;1529;0.117655;-1.40248;1.40741;-0.0032735;0.0203224;6.23806e-05
1161;1529;0.0407435;-1.36797;1.36858;-0.00257151;0.0197661;0.000985897
1184;1529;-0.000808492;-1.35838;1.35838;-0.00172633;0.0172346;0.00158961
1207;1529;-0.0387467;-1.33719;1.33775;-0.00252081;0.0182818;0.00163625
1230;1529;-0.116929;-1.31924;1.32441;-0.00252545;0.0191355;0.00194319
1253;1529;-0.155066;-1.32614;1.33518;-0.00239502;0.0168725;0.00193429
1276;1529;-0.227237;-1.34135;1.36047;-0.00333073;0.0176335;0.00228448
1299;1529;-0.308541;-1.34779;1.38265;-0.00271323;0.0194791;0.00347037
1322;1529;-0.352219;-1.35858;1.40349;-0.00256872;0.0181443;0.00339885
1345;1529;-0.426856;-1.36229;1.4276;-0.00345526;0.017672;0.00494473
1368;1529;-0.511487;-1.29068;1.38834;-0.00429773;0.0150214;0.00394268
1391;1529;-0.624987;-1.33526;1.47429;-0.00316152;0.0167536;0.00420482
1414;1529;-0.657198;-1.35919;1.50974;-0.00441254;0.0178005;0.00627923
1437;1529;-0.828426;-1.30152;1.54281;-0.00340848;0.0171668;0.00763586
1460;1529;-0.814282;-1.31073;1.54307;-0.00254246;0.0166659;0.00608944
1483;1529;-0.945541;-1.26675;1.58073;-0.0040708;0.0167004;0.00764463
1506;1529;-1.00202;-1.21587;1.57556;-0.0058373;0.0157389;0.00709373
1529;1529;-1.2149;-1.33689;1.80645;-0.00542071;0.0171803;0.00655921
1552;1529;-1.25223;-1.3443;1.83718;-0.00320898;0.0174703;0.00795633
1575;1529;-1.36277;-1.38496;1.943;-0.00682018;0.0208035;0.00701454
1598;1529;-1.56761;-1.57231;2.22026;-0.0112877;0.0204725;0.00323849
1621;1529;-1.88872;-1.96854;2.72808;-0.0137155;0.0208292;0.00151977
655;1552;1.32846;-1.58613;2.06897;-0.000301396;0.020606;-0.00463964
678;1552;1.31941;-1.27408;1.83416;-0.00560735;0.0250429;-0.0069941
701;1552;1.06697;-1.07701;1.51604;-0.0088083;0.0230991;-0.00804131
724;1552;0.911201;-0.939146;1.30854;-0.0043863;0.0212183;-0.0082569
747;1552;0.864451;-0.910994;1.25586;-0.0023235;0.0191539;-0.00957561
770;1552;0.804187;-0.910495;1.21479;-0.00293864;0.0163744;-0.00827066
793;1552;0.729074;-0.911458;1.16718;-0.00272494;0.017734;-0.00783527
816;1552;0.678662;-0.935979;1.15613;-0.00205696;0.0176169;-0.00629427
839;1552;0.634355;-0.923084;1.12004;-0.00209605;0.0164038;-0.00604428
862;1552;0.582141;-0.945431;1.11028;-0.00227652;0.0158824;-0.00546749
885;1552;0.529507;-0.894682;1.03963;-0.00195403;0.0177098;-0.00446967
908;1552;0.492168;-0.9469;1.06717;-0.00105025;0.0188381;-0.00564957
931;1552;0.481089;-0.980561;1.09222;-0.00142068;0.0195796;-0.00451209
954;1552;0.426767;-0.962152;1.05255;-0.00169081;0.0198004;-0.0034911
977;1552;0.403209;-0.921677;1.00601;-0.00172674;0.019161;-0.003207
1000;1552;0.347268;-0.959568;1.02047;-0.00174166;0.0191359;-0.0028294
1023;1552;0.323017;-0.945138;0.998812;-0.00174766;0.0195597;-0.00112157
1046;1552;0.266748;-0.886901;0.926147;-0.00161935;0.0180139;-0.00132105
1069;1552;0.248451;-0.908453;0.941815;-0.00140846;0.0186247;-0.00184714
1092;1552;0.201906;-0.912522;0.934592;-0.00162505;0.019538;-0.000981117
1115;1552;0.173631;-0.933996;0.949998;-0.0018902;0.0187862;-0.000622857
1138;1552;0.114873;-0.924299;0.93141;-0.00209694;0.0191209;6.97876e-05
1161;1552;0.0770698;-0.929004;0.932195;-0.00132518;0.0186766;9.50581e-05
1184;1552;0.0538536;-0.967812;0.969309;-0.00135155;0.018429;0.0011782
1207;1552;0.0148562;-0.924391;0.92451;-0.00145429;0.0181978;0.0019106
1230;1552;-0.0131292;-0.909736;0.909831;-0.00180202;0.0176873;0.00140079
1253;1552;-0.0681563;-0.988661;0.991008;-0.00182392;0.0175939;0.00135203
1276;1552;-0.0971666;-0.984184;0.988968;-0.00167282;0.0178775;0.0036722
1299;1552;-0.145225;-0.917745;0.929164;-0.00248963;0.018162;0.00381416
1322;1552;-0.211838;-0.960619;0.9837;-0.00220868;0.0184288;0.00352711
1345;1552;-0.246939;-0.93352;0.965629;-0.00175087;0.0185747;0.00461495
1368;1552;-0.292455;-0.937249;0.981818;-0.00174397;0.0172374;0.00493805
1391;1552;-0.327232;-0.935915;0.991473;-0.00131249;0.0179488;0.00649879
1414;1552;-0.352897;-0.887314;0.954915;-0.00275912;0.0190334;0.00668041
1437;1552;-0.454348;-0.892332;1.00134;-0.00387583;0.0177569;0.00761621
1460;1552;-0.531533;-0.894566;1.04056;-0.00294168;0.0176408;0.00693787
1483;1552;-0.589866;-0.879823;1.05926;-0.0031916;0.0166466;0.00819743
1506;1552;-0.678583;-0.882747;1.11343;-0.00285761;0.0149267;0.0077448
1529;1552;-0.721519;-0.915947;1.166;-0.00329905;0.0178573;0.0095405
1552;1552;-0.830619;-0.934602;1.25036;-0.00444404;0.0176499;0.00924251
1575;1552;-0.926437;-0.973312;1.34373;-0.0073798;0.0178032;0.00693055
1598;1552;-1.17222;-1.21686;1.68963;-0.00951906;0.0192828;0.00641535
1621;1552;-1.36821;-1.37765;1.94163;-0.00846046;0.0186723;0.0087827
655;1575;0.706257;-0.985458;1.2124;-0.00352231;0.0329706;-0.00492111
678;1575;0.622066;-0.612506;0.873;-0.00449951;0.0239355;-0.00803369
701;1575;0.496739;-0.549735;0.740917;-0.00339249;0.0201352;-0.00964084
724;1575;0.465676;-0.532419;0.707336;-0.00206312;0.0167282;-0.00830418
747;1575;0.401732;-0.527534;0.663085;-0.00154552;0.015647;-0.007184
770;1575;0.394502;-0.484722;0.62497;-0.0012638;0.0159636;-0.00656756
793;1575;0.343527;-0.472576;0.584242;-0.000604411;0.0155111;-0.00662573
816;1575;0.366689;-0.497026;0.617653;-0.000439824;0.0160698;-0.0061206
839;1575;0.323272;-0.514137;0.607324;-0.00125384;0.0159195;-0.0057565
862;1575;0.308957;-0.538486;0.620823;-0.000650394;0.016086;-0.0048322
885;1575;0.293342;-0.528387;0.604353;-0.00063509;0.0157467;-0.00377479
908;1575;0.279725;-0.509125;0.580908;-0.00043957;0.0168349;-0.00386161
931;1575;0.273117;-0.521351;0.588557;-0.000674509;0.0167734;-0.00329777
954;1575;0.248681;-0.486151;0.546063;-0.000893208;0.0167079;-0.00291819
977;1575;0.232008;-0.503958;0.554798;8.42151e-05;0.016281;-0.00386336
1000;1575;0.252528;-0.53552;0.592074;-0.000427722;0.0169143;-0.0028146
1023;1575;0.21232;-0.531963;0.572769;-0.00141518;0.0175983;-0.00203756
1046;1575;0.187384;-0.537045;0.568797;-0.000900216;0.0158497;-0.00150117
1069;1575;0.170889;-0.517874;0.545341;-0.000192862;0.016456;-0.000874227
1092;1575;0.17848;-0.483357;0.515256;-0.000536981;0.0166765;-9.39949e-05
1115;1575;0.14618;-0.506847;0.527506;-0.00129186;0.0170797;-0.000841719
1138;1575;0.118991;-0.53117;0.544335;-0.00113636;0.0168335;0.000277404
1161;1575;0.0938767;-0.516757;0.525215;-0.000346914;0.0172388;0.000612382
1184;1575;0.103029;-0.518436;0.528574;-0.000343431;0.0180264;0.00122694
1207;1575;0.0780753;-0.507715;0.513683;-0.000550639;0.0164804;0.00150681
1230;1575;0.0776919;-0.513099;0.518947;-0.000709306;0.0161006;0.00157792
1253;1575;0.0454327;-0.524254;0.526219;-0.000843367;0.0182348;0.00176277
1276;1575;0.0388785;-0.52697;0.528402;-0.000570309;0.0179384;0.00227667
1299;1575;0.0191908;-0.520935;0.521289;-0.00108169;0.0164959;0.00329123
1322;1575;-0.0109065;-0.51977;0.519884;-0.000968382;0.0167623;0.00377208
1345;1575;-0.0253765;-0.517362;0.517984;-0.000935295;0.0161528;0.00426149
1368;1575;-0.0539521;-0.506719;0.509583;-0.00112593;0.0166294;0.00493551
1391;1575;-0.0771986;-0.520096;0.525794;-0.000683856;0.0165812;0.00507172
1414;1575;-0.0854217;-0.495316;0.502628;-0.000877665;0.0153127;0.00544518
1437;1575;-0.117595;-0.497231;0.510947;-0.00220307;0.0152741;0.00600218
1460;1575;-0.186877;-0.510491;0.543621;-0.00181167;0.0154696;0.00692962
1483;1575;-0.20101;-0.513201;0.551162;-0.00138611;0.0148588;0.00719729
1506;1575;-0.250692;-0.540343;0.595665;-0.00174437;0.0150622;0.00806086
1529;1575;-0.281325;-0.531969;0.601777;-0.00192869;0.015306;0.00860342
1552;1575;-0.339498;-0.548345;0.644936;-0.00324935;0.0157083;0.00910691
1575;1575;-0.431067;-0.582448;0.724613;-0.00468343;0.0162496;0.00866941
1598;1575;-0.55571;-0.704616;0.897383;-0.00669798;0.0210876;0.00649932
1621;1575;-0.743511;-1.13148;1.35391;-0.00795971;0.0200061;0.00479057
655;1598;0.101383;-0.109549;0.149264;0.00120956;0.039154;-0.0152283
678;1598;0.129005;-0.200971;0.238813;-0.000137062;0.0182827;-0.0113861
701;1598;0.0950385;-0.170005;0.194767;-0.000129958;0.0167988;-0.00852874
724;1598;0.123023;-0.182621;0.220194;0.00128266;0.0154352;-0.00781357
747;1598;0.153992;-0.20218;0.254146;0.000441154;0.0143039;-0.00543203
770;1598;0.143311;-0.186613;0.235293;-0.000485847;0.0131049;-0.00551347
793;1598;0.131637;-0.207218;0.245494;0.000309848;0.0116463;-0.0048156
816;1598;0.157558;-0.205518;0.258964;0.000317898;0.0127959;-0.0044581
839;1598;0.146257;-0.199072;0.247024;-0.000125709;0.0138219;-0.00393358
862;1598;0.151775;-0.213315;0.261799;0.000128605;0.0142611;-0.00317934
885;1598;0.152168;-0.177472;0.233776;-0.000481986;0.0153924;-0.00270331
908;1598;0.129586;-0.180311;0.222046;4.27885e-05;0.0144197;-0.0036942
931;1598;0.154119;-0.216491;0.265746;0.000234269;0.013356;-0.00281294
954;1598;0.140357;-0.200779;0.244974;-0.00121959;0.0124955;-0.00194764
977;1598;0.0979693;-0.179746;0.204711;-0.000514089;0.0142125;-0.00277756
1000;1598;0.116701;-0.188548;0.221742;0.000845889;0.015217;-0.00254967
1023;1598;0.136849;-0.142986;0.197921;-5.43727e-05;0.0170604;-0.00136651
1046;1598;0.114193;-0.163753;0.199638;-0.000508875;0.0163668;-0.00175393
1069;1598;0.113432;-0.157801;0.19434;0.00147602;0.015781;-0.00111781
1092;1598;0.182038;-0.151698;0.23696;0.000681652;0.014524;0.000108978
1115;1598;0.144778;-0.154937;0.212052;-0.000685157;0.0154175;-8.21687e-05
1138;1598;0.15051;-0.156383;0.217046;-0.000528204;0.0164288;0.00081934
1161;1598;0.120472;-0.142761;0.1868;0.000153403;0.0163936;0.000692359
1184;1598;0.157565;-0.146053;0.214844;0.000601689;0.0163244;0.000856402
1207;1598;0.148132;-0.172626;0.227471;-0.000186893;0.0146798;0.0012006
1230;1598;0.148958;-0.175259;0.230009;-0.000865718;0.0148014;0.00171248
1253;1598;0.108289;-0.157706;0.191305;-0.000867655;0.0160676;0.00145932
1276;1598;0.109027;-0.166742;0.199223;0.000919584;0.0157894;0.00143454
1299;1598;0.15057;-0.166024;0.224132;0.000497441;0.0155663;0.00252162
1322;1598;0.131894;-0.197172;0.237219;-0.000398743;0.0141436;0.00275137
1345;1598;0.132213;-0.197937;0.238033;0.000717964;0.014008;0.00360884
1368;1598;0.164905;-0.180791;0.244702;-8.96283e-05;0.0143165;0.00493726
1391;1598;0.128087;-0.181617;0.222241;-0.00086128;0.0148646;0.0043497
1414;1598;0.125268;-0.190691;0.228156;-0.000295007;0.0133742;0.0043932
1437;1598;0.114512;-0.198474;0.22914;-4.0749e-05;0.0131247;0.00502039
1460;1598;0.123394;-0.192978;0.229056;-0.000238573;0.0139912;0.00665529
1483;1598;0.103535;-0.206472;0.230976;-0.000869184;0.0135126;0.00652375
1506;1598;0.0833933;-0.201244;0.217838;-0.000518702;0.0149576;0.00706507
1529;1598;0.0796655;-0.22405;0.237792;-0.000478386;0.0136006;0.00756977
1552;1598;0.0613755;-0.226126;0.234308;-0.000983035;0.0142596;0.00851172
1575;1598;0.0344202;-0.241684;0.244123;-0.00146412;0.0151304;0.00960584
1598;1598;-0.00604558;-0.271329;0.271396;-0.00174109;0.0193016;0.00923344
1621;1598;-0.0463845;-0.485022;0.487234;-0.00170916;0.0289614;0.0103523
